TITLE = "K11"
VARIABLES = "X", "Y","U", "V", "P", "dPx", "dPy","K11", "K33"
ZONE T = "frame 0", I=13, J=47
   4.0000000e-02   4.0000000e-02   1.9043387e-05  -2.3503950e-05  -1.0698960e-03  -9.2736712e-04   1.0322234e-03   2.0534896e-02   2.2770217e-02
   4.0000000e-02   6.0000000e-02   1.9096600e-05  -3.3680962e-05  -1.0445961e-03  -9.4214050e-04   1.4843825e-03   2.0269376e-02   2.2690218e-02
   4.0000000e-02   8.0000000e-02   1.9093787e-05  -4.3895062e-05  -1.0103179e-03  -9.4912675e-04   1.9385537e-03   2.0117216e-02   2.2643201e-02
   4.0000000e-02   1.0000000e-01   1.9005775e-05  -5.4119650e-05  -9.6702225e-04  -9.4467325e-04   2.3906900e-03   2.0118888e-02   2.2637669e-02
   4.0000000e-02   1.2000000e-01   1.8851587e-05  -6.4347775e-05  -9.1468137e-04  -9.3699362e-04   2.8426925e-03   2.0119227e-02   2.2636207e-02
   4.0000000e-02   1.4000000e-01   1.8580762e-05  -7.4527000e-05  -8.5330387e-04  -9.2500925e-04   3.2935712e-03   2.0087110e-02   2.2628021e-02
   4.0000000e-02   1.6000000e-01   1.8126325e-05  -8.4604900e-05  -7.8292525e-04  -9.0821212e-04   3.7445637e-03   1.9958250e-02   2.2594061e-02
   4.0000000e-02   1.8000000e-01   1.7412037e-05  -9.4422137e-05  -7.0354962e-04  -8.7333200e-04   4.1916162e-03   1.9937478e-02   2.2526427e-02
   4.0000000e-02   2.0000000e-01   1.6471912e-05  -1.0414772e-04  -6.1517550e-04  -8.1488087e-04   4.6395750e-03   2.0213890e-02   2.2447686e-02
   4.0000000e-02   2.2000000e-01   1.4986450e-05  -1.1350324e-04  -5.1829675e-04  -7.3800712e-04   5.0444712e-03   2.0306647e-02   2.2500522e-02
   4.0000000e-02   2.4000000e-01   1.2762350e-05  -1.2239142e-04  -4.1341100e-04  -6.2134000e-04   5.4388925e-03   2.0540042e-02   2.2503005e-02
   4.0000000e-02   2.6000000e-01   9.4190612e-06  -1.3070562e-04  -3.0088812e-04  -4.4545825e-04   5.8071575e-03   2.1144656e-02   2.2507677e-02
   4.0000000e-02   2.8000000e-01   4.3433337e-06  -1.3840437e-04  -1.8128650e-04  -1.7927050e-04   6.1471462e-03   2.4227822e-02   2.2515224e-02
   6.0000000e-02   4.0000000e-02   2.9199037e-05  -2.3635575e-05  -1.1152235e-03  -1.4063112e-03   1.0341697e-03   2.0762856e-02   2.2854638e-02
   6.0000000e-02   6.0000000e-02   2.9275900e-05  -3.3849725e-05  -1.0897416e-03  -1.4236825e-03   1.4858737e-03   2.0563503e-02   2.2781024e-02
   6.0000000e-02   8.0000000e-02   2.9318187e-05  -4.4099300e-05  -1.0552379e-03  -1.4377750e-03   1.9397437e-03   2.0391360e-02   2.2734601e-02
   6.0000000e-02   1.0000000e-01   2.9303650e-05  -5.4439887e-05  -1.0116801e-03  -1.4489912e-03   2.3992987e-03   2.0223483e-02   2.2689916e-02
   6.0000000e-02   1.2000000e-01   2.9177550e-05  -6.4852487e-05  -9.5900025e-04  -1.4521162e-03   2.8629450e-03   2.0093123e-02   2.2652369e-02
   6.0000000e-02   1.4000000e-01   2.8873200e-05  -7.5316175e-05  -8.9713525e-04  -1.4393537e-03   3.3233862e-03   2.0059836e-02   2.2662480e-02
   6.0000000e-02   1.6000000e-01   2.8281075e-05  -8.5728912e-05  -8.2599225e-04  -1.4196175e-03   3.7920737e-03   1.9921616e-02   2.2607396e-02
   6.0000000e-02   1.8000000e-01   2.7622762e-05  -9.6346012e-05  -7.4518925e-04  -1.3748125e-03   4.2860437e-03   2.0092022e-02   2.2479008e-02
   6.0000000e-02   2.0000000e-01   2.6533550e-05  -1.0692652e-04  -6.5474125e-04  -1.3140875e-03   4.7572475e-03   2.0191616e-02   2.2476553e-02
   6.0000000e-02   2.2000000e-01   2.4886525e-05  -1.1754545e-04  -5.5492287e-04  -1.2326065e-03   5.2246412e-03   2.0190162e-02   2.2498282e-02
   6.0000000e-02   2.4000000e-01   2.2524000e-05  -1.2828887e-04  -4.4564987e-04  -1.1099926e-03   5.7029075e-03   2.0292027e-02   2.2495346e-02
   6.0000000e-02   2.6000000e-01   1.9158512e-05  -1.3932537e-04  -3.2673987e-04  -9.3543850e-04   6.1901000e-03   2.0480783e-02   2.2507775e-02
   6.0000000e-02   2.8000000e-01   1.4406050e-05  -1.5100837e-04  -1.9780900e-04  -6.9144125e-04   6.7083162e-03   2.0834814e-02   2.2510623e-02
   8.0000000e-02   4.0000000e-02   3.9420362e-05  -2.3679162e-05  -1.1799444e-03  -1.8946425e-03   1.0353939e-03   2.0806227e-02   2.2869715e-02
   8.0000000e-02   6.0000000e-02   3.9511325e-05  -3.3945337e-05  -1.1543706e-03  -1.9053550e-03   1.4872987e-03   2.0736989e-02   2.2823483e-02
   8.0000000e-02   8.0000000e-02   3.9636012e-05  -4.4275937e-05  -1.1196779e-03  -1.9244150e-03   1.9431750e-03   2.0596396e-02   2.2785358e-02
   8.0000000e-02   1.0000000e-01   3.9719037e-05  -5.4721875e-05  -1.0758585e-03  -1.9412662e-03   2.4034600e-03   2.0460376e-02   2.2767957e-02
   8.0000000e-02   1.2000000e-01   3.9701462e-05  -6.5309050e-05  -1.0228142e-03  -1.9545112e-03   2.8727875e-03   2.0312732e-02   2.2733686e-02
   8.0000000e-02   1.4000000e-01   3.9469612e-05  -7.6023937e-05  -9.6036062e-04  -1.9622937e-03   3.3524975e-03   2.0114018e-02   2.2676807e-02
   8.0000000e-02   1.6000000e-01   3.9115012e-05  -8.6973600e-05  -8.8837525e-04  -1.9530387e-03   3.8488475e-03   2.0027771e-02   2.2597310e-02
   8.0000000e-02   1.8000000e-01   3.8578825e-05  -9.8183362e-05  -8.0630637e-04  -1.9252112e-03   4.3528725e-03   2.0038749e-02   2.2555993e-02
   8.0000000e-02   2.0000000e-01   3.7613725e-05  -1.0958561e-04  -7.1391037e-04  -1.8760900e-03   4.8811975e-03   2.0048998e-02   2.2450559e-02
   8.0000000e-02   2.2000000e-01   3.6245562e-05  -1.2132395e-04  -6.1123725e-04  -1.8032762e-03   5.3964862e-03   2.0099839e-02   2.2482027e-02
   8.0000000e-02   2.4000000e-01   3.4339450e-05  -1.3359612e-04  -4.9788637e-04  -1.7019387e-03   5.9404050e-03   2.0176666e-02   2.2489397e-02
   8.0000000e-02   2.6000000e-01   3.1746137e-05  -1.4665775e-04  -3.7336975e-04  -1.5702775e-03   6.5179350e-03   2.0216896e-02   2.2500646e-02
   8.0000000e-02   2.8000000e-01   2.8325562e-05  -1.6094337e-04  -2.3676412e-04  -1.3979525e-03   7.1526575e-03   2.0262178e-02   2.2501200e-02
   1.0000000e-01   4.0000000e-02   4.9656337e-05  -2.3609775e-05  -1.2641475e-03  -2.3877787e-03   1.0316350e-03   2.0796038e-02   2.2885783e-02
   1.0000000e-01   6.0000000e-02   4.9790700e-05  -3.3839362e-05  -1.2386092e-03  -2.3982650e-03   1.4851637e-03   2.0761134e-02   2.2784937e-02
   1.0000000e-01   8.0000000e-02   5.0040900e-05  -4.4178725e-05  -1.2038991e-03  -2.4095462e-03   1.9390025e-03   2.0767769e-02   2.2784254e-02
   1.0000000e-01   1.0000000e-01   5.0310537e-05  -5.4784912e-05  -1.1600365e-03  -2.4350375e-03   2.3983762e-03   2.0661094e-02   2.2842501e-02
   1.0000000e-01   1.2000000e-01   5.0420075e-05  -6.5558675e-05  -1.1069017e-03  -2.4673287e-03   2.8715362e-03   2.0435086e-02   2.2830523e-02
   1.0000000e-01   1.4000000e-01   5.0397162e-05  -7.6441837e-05  -1.0441327e-03  -2.4932637e-03   3.3641450e-03   2.0213330e-02   2.2722516e-02
   1.0000000e-01   1.6000000e-01   5.0451662e-05  -8.7778662e-05  -9.7143750e-04  -2.4988537e-03   3.8762962e-03   2.0189922e-02   2.2644983e-02
   1.0000000e-01   1.8000000e-01   5.0162112e-05  -9.9461212e-05  -8.8845000e-04  -2.4980437e-03   4.4042475e-03   2.0080558e-02   2.2583021e-02
   1.0000000e-01   2.0000000e-01   4.9513987e-05  -1.1149036e-04  -7.9468025e-04  -2.4860400e-03   4.9691000e-03   1.9916810e-02   2.2436732e-02
   1.0000000e-01   2.2000000e-01   4.8721112e-05  -1.2394991e-04  -6.8972812e-04  -2.4317987e-03   5.5311550e-03   2.0035010e-02   2.2409409e-02
   1.0000000e-01   2.4000000e-01   4.7585575e-05  -1.3733137e-04  -5.7337100e-04  -2.3638600e-03   6.1083800e-03   2.0130454e-02   2.2482454e-02
   1.0000000e-01   2.6000000e-01   4.6055875e-05  -1.5150750e-04  -4.4502550e-04  -2.2902112e-03   6.7350350e-03   2.0109881e-02   2.2495429e-02
   1.0000000e-01   2.8000000e-01   4.4219200e-05  -1.6698387e-04  -3.0355562e-04  -2.2009612e-03   7.4212287e-03   2.0090858e-02   2.2500839e-02
   1.2000000e-01   4.0000000e-02   5.9822912e-05  -2.3236700e-05  -1.3676725e-03  -2.8763287e-03   1.0262705e-03   2.0798357e-02   2.2641886e-02
   1.2000000e-01   6.0000000e-02   5.9948775e-05  -3.3394075e-05  -1.3422000e-03  -2.8992037e-03   1.4694275e-03   2.0677669e-02   2.2725909e-02
   1.2000000e-01   8.0000000e-02   6.0580875e-05  -4.3806212e-05  -1.3080487e-03  -2.9078937e-03   1.9087387e-03   2.0833249e-02   2.2950345e-02
   1.2000000e-01   1.0000000e-01   6.1043087e-05  -5.4417212e-05  -1.2645787e-03  -2.9375312e-03   2.3794687e-03   2.0780404e-02   2.2869480e-02
   1.2000000e-01   1.2000000e-01   6.1216237e-05  -6.5182625e-05  -1.2115627e-03  -2.9815850e-03   2.8633125e-03   2.0531441e-02   2.2764761e-02
   1.2000000e-01   1.4000000e-01   6.1512100e-05  -7.6266075e-05  -1.1489120e-03  -3.0120837e-03   3.3497650e-03   2.0421776e-02   2.2767590e-02
   1.2000000e-01   1.6000000e-01   6.2021012e-05  -8.7785950e-05  -1.0760404e-03  -3.0265487e-03   3.8818800e-03   2.0492322e-02   2.2614287e-02
   1.2000000e-01   1.8000000e-01   6.2177812e-05  -9.9680675e-05  -9.9248612e-04  -3.0478162e-03   4.4257225e-03   2.0400775e-02   2.2523029e-02
   1.2000000e-01   2.0000000e-01   6.1944675e-05  -1.1212740e-04  -8.9807750e-04  -3.0716925e-03   4.9924137e-03   2.0166301e-02   2.2459557e-02
   1.2000000e-01   2.2000000e-01   6.2141125e-05  -1.2538637e-04  -7.9196250e-04  -3.0737750e-03   5.6042837e-03   2.0216550e-02   2.2373310e-02
   1.2000000e-01   2.4000000e-01   6.1503537e-05  -1.3904600e-04  -6.7387612e-04  -3.0677125e-03   6.1929450e-03   2.0048664e-02   2.2452323e-02
   1.2000000e-01   2.6000000e-01   6.1154937e-05  -1.5371625e-04  -5.4387612e-04  -3.0374737e-03   6.8266062e-03   2.0133487e-02   2.2517228e-02
   1.2000000e-01   2.8000000e-01   6.0519850e-05  -1.6940762e-04  -4.0040600e-04  -3.0288737e-03   7.5273525e-03   1.9980975e-02   2.2505605e-02
   1.4000000e-01   4.0000000e-02   6.9866537e-05  -2.2646262e-05  -1.4903612e-03  -3.3643562e-03   1.0028694e-03   2.0766688e-02   2.2581468e-02
   1.4000000e-01   6.0000000e-02   7.0283875e-05  -3.2769200e-05  -1.4655975e-03  -3.3935825e-03   1.4315462e-03   2.0710820e-02   2.2890773e-02
   1.4000000e-01   8.0000000e-02   7.0956050e-05  -4.3026250e-05  -1.4321850e-03  -3.4108237e-03   1.8676375e-03   2.0803200e-02   2.3037795e-02
   1.4000000e-01   1.0000000e-01   7.1619050e-05  -5.3448750e-05  -1.3895687e-03  -3.4459025e-03   2.3360425e-03   2.0783829e-02   2.2880042e-02
   1.4000000e-01   1.2000000e-01   7.2248600e-05  -6.4302175e-05  -1.3373737e-03  -3.5017875e-03   2.8122925e-03   2.0631920e-02   2.2864682e-02
   1.4000000e-01   1.4000000e-01   7.3030900e-05  -7.5674187e-05  -1.2753575e-03  -3.5590587e-03   3.3271075e-03   2.0519723e-02   2.2744738e-02
   1.4000000e-01   1.6000000e-01   7.3813987e-05  -8.7386812e-05  -1.2028154e-03  -3.5943862e-03   3.8543400e-03   2.0535909e-02   2.2672315e-02
   1.4000000e-01   1.8000000e-01   7.4456037e-05  -9.9593400e-05  -1.1196564e-03  -3.6411125e-03   4.3980337e-03   2.0448706e-02   2.2644983e-02
   1.4000000e-01   2.0000000e-01   7.4987150e-05  -1.1241679e-04  -1.0252769e-03  -3.6863225e-03   4.9851725e-03   2.0341994e-02   2.2550230e-02
   1.4000000e-01   2.2000000e-01   7.5457738e-05  -1.2570737e-04  -9.1913825e-04  -3.7151587e-03   5.5806650e-03   2.0310771e-02   2.2525519e-02
   1.4000000e-01   2.4000000e-01   7.5710862e-05  -1.3961800e-04  -8.0095700e-04  -3.7597562e-03   6.1993700e-03   2.0137173e-02   2.2521321e-02
   1.4000000e-01   2.6000000e-01   7.6142325e-05  -1.5408425e-04  -6.7046475e-04  -3.7784100e-03   6.8379262e-03   2.0151949e-02   2.2533769e-02
   1.4000000e-01   2.8000000e-01   7.6238750e-05  -1.6902837e-04  -5.2700437e-04  -3.8145112e-03   7.5144087e-03   1.9986505e-02   2.2493902e-02
   1.6000000e-01   4.0000000e-02   7.9657412e-05  -2.1761375e-05  -1.6319950e-03  -3.8310325e-03   9.6775387e-04   2.0792675e-02   2.2486477e-02
   1.6000000e-01   6.0000000e-02   8.0314087e-05  -3.1462412e-05  -1.6082487e-03  -3.8624112e-03   1.3742312e-03   2.0793769e-02   2.2894555e-02
   1.6000000e-01   8.0000000e-02   8.1178125e-05  -4.1446500e-05  -1.5759812e-03  -3.9020487e-03   1.8067950e-03   2.0803975e-02   2.2939238e-02
   1.6000000e-01   1.0000000e-01   8.2215125e-05  -5.1775487e-05  -1.5347612e-03  -3.9546037e-03   2.2579425e-03   2.0789725e-02   2.2930384e-02
   1.6000000e-01   1.2000000e-01   8.3342587e-05  -6.2573550e-05  -1.4842250e-03  -4.0130300e-03   2.7265350e-03   2.0767995e-02   2.2949843e-02
   1.6000000e-01   1.4000000e-01   8.4528862e-05  -7.3879887e-05  -1.4237375e-03  -4.0741600e-03   3.2521637e-03   2.0747556e-02   2.2717149e-02
   1.6000000e-01   1.6000000e-01   8.5830275e-05  -8.5712712e-05  -1.3525512e-03  -4.1529550e-03   3.7773412e-03   2.0667278e-02   2.2691281e-02
   1.6000000e-01   1.8000000e-01   8.7034150e-05  -9.8119337e-05  -1.2707437e-03  -4.2264475e-03   4.3224350e-03   2.0592744e-02   2.2700015e-02
   1.6000000e-01   2.0000000e-01   8.8136250e-05  -1.1114271e-04  -1.1775669e-03  -4.2971150e-03   4.9239125e-03   2.0510563e-02   2.2572032e-02
   1.6000000e-01   2.2000000e-01   8.9114825e-05  -1.2473072e-04  -1.0723611e-03  -4.3642300e-03   5.5209087e-03   2.0419370e-02   2.2592426e-02
   1.6000000e-01   2.4000000e-01   8.9941800e-05  -1.3882837e-04  -9.5502437e-04  -4.4252100e-03   6.1458150e-03   2.0324866e-02   2.2589091e-02
   1.6000000e-01   2.6000000e-01   9.0643487e-05  -1.5330025e-04  -8.2507500e-04  -4.4796187e-03   6.7916137e-03   2.0234643e-02   2.2571992e-02
   1.6000000e-01   2.8000000e-01   9.1280075e-05  -1.6803312e-04  -6.8221925e-04  -4.5322300e-03   7.4493412e-03   2.0140212e-02   2.2556776e-02
   1.8000000e-01   4.0000000e-02   8.8966900e-05  -2.0367675e-05  -1.7921562e-03  -4.3186350e-03   9.0665150e-04   2.0600699e-02   2.2464723e-02
   1.8000000e-01   6.0000000e-02   8.9919212e-05  -2.9529312e-05  -1.7698050e-03  -4.3609562e-03   1.3037475e-03   2.0619150e-02   2.2649564e-02
   1.8000000e-01   8.0000000e-02   9.1144662e-05  -3.9074012e-05  -1.7390212e-03  -4.3780150e-03   1.7181100e-03   2.0818719e-02   2.2742439e-02
   1.8000000e-01   1.0000000e-01   9.2627475e-05  -4.9073912e-05  -1.6999887e-03  -4.4500875e-03   2.1375575e-03   2.0814754e-02   2.2957938e-02
   1.8000000e-01   1.2000000e-01   9.4304162e-05  -5.9631900e-05  -1.6518975e-03  -4.5360650e-03   2.6048300e-03   2.0789861e-02   2.2892818e-02
   1.8000000e-01   1.4000000e-01   9.6095150e-05  -7.0859787e-05  -1.5939362e-03  -4.6278387e-03   3.1158712e-03   2.0764585e-02   2.2741565e-02
   1.8000000e-01   1.6000000e-01   9.7981087e-05  -8.2759487e-05  -1.5254562e-03  -4.7195487e-03   3.6428625e-03   2.0760690e-02   2.2718257e-02
   1.8000000e-01   1.8000000e-01   9.9830987e-05  -9.5370162e-05  -1.4460600e-03  -4.8205537e-03   4.2017987e-03   2.0709444e-02   2.2697461e-02
   1.8000000e-01   2.0000000e-01   1.0157099e-04  -1.0868172e-04  -1.3550812e-03  -4.9234312e-03   4.7979937e-03   2.0630122e-02   2.2651494e-02
   1.8000000e-01   2.2000000e-01   1.0312271e-04  -1.2266442e-04  -1.2520950e-03  -5.0249500e-03   5.4127512e-03   2.0522137e-02   2.2662121e-02
   1.8000000e-01   2.4000000e-01   1.0439630e-04  -1.3721312e-04  -1.1364669e-03  -5.1079925e-03   6.0598225e-03   2.0437833e-02   2.2643093e-02
   1.8000000e-01   2.6000000e-01   1.0534494e-04  -1.5214100e-04  -1.0077386e-03  -5.1737725e-03   6.7260137e-03   2.0361339e-02   2.2619787e-02
   1.8000000e-01   2.8000000e-01   1.0592487e-04  -1.6716475e-04  -8.6569662e-04  -5.2179837e-03   7.3953475e-03   2.0299963e-02   2.2604043e-02
   2.0000000e-01   4.0000000e-02   9.7613675e-05  -1.8386475e-05  -1.9693025e-03  -4.7034400e-03   7.9884287e-04   2.0753677e-02   2.3016385e-02
   2.0000000e-01   6.0000000e-02   9.8923962e-05  -2.6793212e-05  -1.9491725e-03  -4.7649312e-03   1.1814941e-03   2.0760837e-02   2.2677398e-02
   2.0000000e-01   8.0000000e-02   1.0062639e-04  -3.5659075e-05  -1.9210850e-03  -4.8893750e-03   1.5776962e-03   2.0580624e-02   2.2601990e-02
   2.0000000e-01   1.0000000e-01   1.0269010e-04  -4.5136175e-05  -1.8851025e-03  -4.9688800e-03   1.9869662e-03   2.0666649e-02   2.2716126e-02
   2.0000000e-01   1.2000000e-01   1.0501114e-04  -5.5314800e-05  -1.8403225e-03  -5.0531000e-03   2.4221837e-03   2.0781528e-02   2.2836748e-02
   2.0000000e-01   1.4000000e-01   1.0760499e-04  -6.6305550e-05  -1.7862787e-03  -5.1804625e-03   2.9131862e-03   2.0771309e-02   2.2760491e-02
   2.0000000e-01   1.6000000e-01   1.1027760e-04  -7.8201262e-05  -1.7218375e-03  -5.3096862e-03   3.4446375e-03   2.0769137e-02   2.2702320e-02
   2.0000000e-01   1.8000000e-01   1.1291851e-04  -9.1027250e-05  -1.6463162e-03  -5.4327487e-03   4.0076175e-03   2.0784785e-02   2.2713557e-02
   2.0000000e-01   2.0000000e-01   1.1543455e-04  -1.0478516e-04  -1.5590250e-03  -5.5711587e-03   4.6124375e-03   2.0720025e-02   2.2717958e-02
   2.0000000e-01   2.2000000e-01   1.1770551e-04  -1.1941814e-04  -1.4593212e-03  -5.7071750e-03   5.2525412e-03   2.0624129e-02   2.2735307e-02
   2.0000000e-01   2.4000000e-01   1.1954736e-04  -1.3482675e-04  -1.3462962e-03  -5.8225012e-03   5.9391212e-03   2.0531960e-02   2.2701464e-02
   2.0000000e-01   2.6000000e-01   1.2078905e-04  -1.5078725e-04  -1.2192842e-03  -5.9090700e-03   6.6541925e-03   2.0441296e-02   2.2660488e-02
   2.0000000e-01   2.8000000e-01   1.2130854e-04  -1.6684437e-04  -1.0777149e-03  -5.9555600e-03   7.4034925e-03   2.0368956e-02   2.2535901e-02
   2.2000000e-01   4.0000000e-02   1.0531064e-04  -1.5694525e-05  -2.1616262e-03  -5.0779837e-03   6.7700000e-04   2.0738672e-02   2.3182459e-02
   2.2000000e-01   6.0000000e-02   1.0706917e-04  -2.3036537e-05  -2.1444775e-03  -5.1617587e-03   9.9957262e-04   2.0742770e-02   2.3046387e-02
   2.2000000e-01   8.0000000e-02   1.0938347e-04  -3.0959362e-05  -2.1205937e-03  -5.2751850e-03   1.3491600e-03   2.0735477e-02   2.2947139e-02
   2.2000000e-01   1.0000000e-01   1.1218535e-04  -3.9641012e-05  -2.0892412e-03  -5.4259437e-03   1.7489612e-03   2.0675730e-02   2.2665461e-02
   2.2000000e-01   1.2000000e-01   1.1534859e-04  -4.9215912e-05  -2.0495187e-03  -5.6075212e-03   2.1737750e-03   2.0570334e-02   2.2640757e-02
   2.2000000e-01   1.4000000e-01   1.1891086e-04  -5.9813800e-05  -2.0006512e-03  -5.7267162e-03   2.6410325e-03   2.0764232e-02   2.2647885e-02
   2.2000000e-01   1.6000000e-01   1.2264017e-04  -7.1589187e-05  -1.9419087e-03  -5.9010225e-03   3.1565012e-03   2.0782869e-02   2.2679917e-02
   2.2000000e-01   1.8000000e-01   1.2638212e-04  -8.4610725e-05  -1.8721550e-03  -6.0833775e-03   3.7317912e-03   2.0774993e-02   2.2672952e-02
   2.2000000e-01   2.0000000e-01   1.2996912e-04  -9.8950462e-05  -1.7903537e-03  -6.2576987e-03   4.3424287e-03   2.0769476e-02   2.2786894e-02
   2.2000000e-01   2.2000000e-01   1.3320637e-04  -1.1445535e-04  -1.6955625e-03  -6.4277187e-03   5.0167975e-03   2.0723740e-02   2.2814425e-02
   2.2000000e-01   2.4000000e-01   1.3594112e-04  -1.3117962e-04  -1.5865125e-03  -6.5915037e-03   5.7645300e-03   2.0623689e-02   2.2756344e-02
   2.2000000e-01   2.6000000e-01   1.3759687e-04  -1.4874287e-04  -1.4618925e-03  -6.7189837e-03   6.5573350e-03   2.0478822e-02   2.2683434e-02
   2.2000000e-01   2.8000000e-01   1.3826125e-04  -1.6723762e-04  -1.3211712e-03  -6.7928237e-03   7.4036575e-03   2.0354017e-02   2.2588515e-02
   2.4000000e-01   4.0000000e-02   1.1172831e-04  -1.2126359e-05  -2.3673300e-03  -5.3903487e-03   5.1638250e-04   2.0727474e-02   2.3483288e-02
   2.4000000e-01   6.0000000e-02   1.1404090e-04  -1.8045675e-05  -2.3541237e-03  -5.5027012e-03   7.6994987e-04   2.0724531e-02   2.3437467e-02
   2.4000000e-01   8.0000000e-02   1.1708359e-04  -2.4664150e-05  -2.3354225e-03  -5.6529137e-03   1.0620867e-03   2.0712077e-02   2.3222350e-02
   2.4000000e-01   1.0000000e-01   1.2081437e-04  -3.2175650e-05  -2.3104062e-03  -5.8319537e-03   1.3968250e-03   2.0715935e-02   2.3034847e-02
   2.4000000e-01   1.2000000e-01   1.2502662e-04  -4.0811187e-05  -2.2781450e-03  -6.0549287e-03   1.7946925e-03   2.0648736e-02   2.2739933e-02
   2.4000000e-01   1.4000000e-01   1.2986612e-04  -5.0658200e-05  -2.2368337e-03  -6.3141487e-03   2.2836850e-03   2.0567480e-02   2.2182657e-02
   2.4000000e-01   1.6000000e-01   1.3494237e-04  -6.2075012e-05  -2.1854212e-03  -6.4903475e-03   2.7733900e-03   2.0791240e-02   2.2382360e-02
   2.4000000e-01   1.8000000e-01   1.4032525e-04  -7.5174200e-05  -2.1238587e-03  -6.7366237e-03   3.3187837e-03   2.0830204e-02   2.2651129e-02
   2.4000000e-01   2.0000000e-01   1.4521337e-04  -9.0102262e-05  -2.0498237e-03  -6.9944037e-03   3.9748850e-03   2.0761366e-02   2.2667892e-02
   2.4000000e-01   2.2000000e-01   1.4997437e-04  -1.0672674e-04  -1.9625987e-03  -7.2406762e-03   4.6417362e-03   2.0712758e-02   2.2992848e-02
   2.4000000e-01   2.4000000e-01   1.5401387e-04  -1.2524863e-04  -1.8602275e-03  -7.4721550e-03   5.4787887e-03   2.0611708e-02   2.2860641e-02
   2.4000000e-01   2.6000000e-01   1.5719662e-04  -1.4565412e-04  -1.7400450e-03  -7.6516075e-03   6.3908800e-03   2.0544261e-02   2.2790934e-02
   2.4000000e-01   2.8000000e-01   1.5888000e-04  -1.6763362e-04  -1.6010387e-03  -7.7639287e-03   7.3622362e-03   2.0463866e-02   2.2769390e-02
   2.6000000e-01   4.0000000e-02   1.1647726e-04  -7.4812512e-06  -2.5836262e-03  -5.6185900e-03   3.1359375e-04   2.0730693e-02   2.3856506e-02
   2.6000000e-01   6.0000000e-02   1.1945525e-04  -1.1584304e-05  -2.5755125e-03  -5.7627812e-03   4.7415937e-04   2.0728750e-02   2.4431245e-02
   2.6000000e-01   8.0000000e-02   1.2330721e-04  -1.6469462e-05  -2.5637187e-03  -5.9761162e-03   6.8336112e-04   2.0633336e-02   2.4100672e-02
   2.6000000e-01   1.0000000e-01   1.2808462e-04  -2.2184525e-05  -2.5466737e-03  -6.2040450e-03   9.8317400e-04   2.0645341e-02   2.2564190e-02
   2.6000000e-01   1.2000000e-01   1.3368712e-04  -2.9407975e-05  -2.5236450e-03  -6.4504262e-03   1.2838725e-03   2.0725316e-02   2.2905682e-02
   2.6000000e-01   1.4000000e-01   1.4014125e-04  -3.8473875e-05  -2.4931737e-03  -6.7437375e-03   1.7216512e-03   2.0780947e-02   2.2347078e-02
   2.6000000e-01   1.6000000e-01   1.4704150e-04  -4.9348912e-05  -2.4529687e-03  -7.1273650e-03   2.2327162e-03   2.0630556e-02   2.2102635e-02
   2.6000000e-01   1.8000000e-01   1.5430200e-04  -6.2281625e-05  -2.4026600e-03  -7.4551575e-03   2.7463775e-03   2.0697349e-02   2.2677736e-02
   2.6000000e-01   2.0000000e-01   1.6139612e-04  -7.7449687e-05  -2.3404162e-03  -7.8227375e-03   3.3972262e-03   2.0631668e-02   2.2797919e-02
   2.6000000e-01   2.2000000e-01   1.6842475e-04  -9.5356712e-05  -2.2642037e-03  -8.1520525e-03   4.1293337e-03   2.0660410e-02   2.3092518e-02
   2.6000000e-01   2.4000000e-01   1.7462300e-04  -1.1578880e-04  -2.1715662e-03  -8.4714137e-03   5.0333962e-03   2.0613206e-02   2.3004110e-02
   2.6000000e-01   2.6000000e-01   1.8007100e-04  -1.3903987e-04  -2.0591212e-03  -8.7238187e-03   6.0682400e-03   2.0641305e-02   2.2912719e-02
   2.6000000e-01   2.8000000e-01   1.8373300e-04  -1.6510375e-04  -1.9247075e-03  -8.9236025e-03   7.2146500e-03   2.0589554e-02   2.2884513e-02
   2.8000000e-01   4.0000000e-02   1.1909606e-04  -1.5912587e-06  -2.8070850e-03  -5.7521625e-03   6.0509150e-05   2.0704572e-02   2.6297820e-02
   2.8000000e-01   6.0000000e-02   1.2282660e-04  -3.1654250e-06  -2.8052675e-03  -5.9262487e-03   1.1956686e-04   2.0725860e-02   2.6474099e-02
   2.8000000e-01   8.0000000e-02   1.2747700e-04  -5.6742437e-06  -2.8018975e-03  -6.1801400e-03   2.2305637e-04   2.0626879e-02   2.5438608e-02
   2.8000000e-01   1.0000000e-01   1.3364737e-04  -9.5682662e-06  -2.7951350e-03  -6.4768887e-03   4.3903575e-04   2.0634502e-02   2.1793820e-02
   2.8000000e-01   1.2000000e-01   1.4115837e-04  -1.5065037e-05  -2.7839587e-03  -6.8056162e-03   6.5773612e-04   2.0741454e-02   2.2904379e-02
   2.8000000e-01   1.4000000e-01   1.4942250e-04  -2.2477562e-05  -2.7673300e-03  -7.1989187e-03   9.8114700e-04   2.0756242e-02   2.2909475e-02
   2.8000000e-01   1.6000000e-01   1.5850737e-04  -3.2118962e-05  -2.7430700e-03  -7.6542062e-03   1.4118487e-03   2.0708532e-02   2.2749577e-02
   2.8000000e-01   1.8000000e-01   1.6814762e-04  -4.4355812e-05  -2.7089587e-03  -8.1471337e-03   1.9516175e-03   2.0638869e-02   2.2727718e-02
   2.8000000e-01   2.0000000e-01   1.7814325e-04  -5.9548937e-05  -2.6629912e-03  -8.6095612e-03   2.5855287e-03   2.0691327e-02   2.3031628e-02
   2.8000000e-01   2.2000000e-01   1.8813200e-04  -7.8071825e-05  -2.6026662e-03  -9.0909700e-03   3.3784537e-03   2.0694381e-02   2.3108745e-02
   2.8000000e-01   2.4000000e-01   1.9761750e-04  -1.0023382e-04  -2.5246550e-03  -9.5564487e-03   4.3392275e-03   2.0678968e-02   2.3099463e-02
   2.8000000e-01   2.6000000e-01   2.0644275e-04  -1.2628375e-04  -2.4252162e-03  -9.9740862e-03   5.4855725e-03   2.0697911e-02   2.3021070e-02
   2.8000000e-01   2.8000000e-01   2.1371400e-04  -1.5655837e-04  -2.3007937e-03  -1.0343314e-02   6.8103012e-03   2.0662044e-02   2.2988465e-02
   3.0000000e-01   4.0000000e-02   1.1874404e-04   5.7028675e-06  -3.0326925e-03  -5.7309912e-03  -2.5132775e-04   2.0719633e-02   2.2690958e-02
   3.0000000e-01   6.0000000e-02   1.2333734e-04   7.2452250e-06  -3.0386075e-03  -5.9473150e-03  -3.1371875e-04   2.0738323e-02   2.3094651e-02
   3.0000000e-01   8.0000000e-02   1.2943625e-04   7.6101212e-06  -3.0453287e-03  -6.2479787e-03  -3.2901762e-04   2.0716500e-02   2.3129829e-02
   3.0000000e-01   1.0000000e-01   1.3711187e-04   6.4141912e-06  -3.0517675e-03  -6.6277775e-03  -2.8261600e-04   2.0687459e-02   2.2695782e-02
   3.0000000e-01   1.2000000e-01   1.4637012e-04   3.5296075e-06  -3.0564012e-03  -7.0606712e-03  -1.5572762e-04   2.0730341e-02   2.2665263e-02
   3.0000000e-01   1.4000000e-01   1.5692037e-04  -1.5582962e-06  -3.0575825e-03  -7.5682825e-03   5.8262162e-05   2.0733948e-02   2.6746282e-02
   3.0000000e-01   1.6000000e-01   1.6865725e-04  -9.2813800e-06  -3.0532837e-03  -8.1389575e-03   3.8196737e-04   2.0722218e-02   2.4298882e-02
   3.0000000e-01   1.8000000e-01   1.8137250e-04  -2.0107500e-05  -3.0409337e-03  -8.7718875e-03   8.5928862e-04   2.0676565e-02   2.3400170e-02
   3.0000000e-01   2.0000000e-01   1.9483975e-04  -3.4505037e-05  -3.0175312e-03  -9.4726250e-03   1.4646762e-03   2.0568718e-02   2.3558133e-02
   3.0000000e-01   2.2000000e-01   2.0872825e-04  -5.3023925e-05  -2.9793887e-03  -1.0087829e-02   2.2820125e-03   2.0691098e-02   2.3235598e-02
   3.0000000e-01   2.4000000e-01   2.2261887e-04  -7.6154287e-05  -2.9233937e-03  -1.0754742e-02   3.2689887e-03   2.0699601e-02   2.3295977e-02
   3.0000000e-01   2.6000000e-01   2.3605100e-04  -1.0447430e-04  -2.8447037e-03  -1.1397166e-02   4.5235887e-03   2.0711376e-02   2.3095446e-02
   3.0000000e-01   2.8000000e-01   2.4840987e-04  -1.3829212e-04  -2.7387425e-03  -1.1974024e-02   5.9299875e-03   2.0745731e-02   2.3320812e-02
   3.2000000e-01   4.0000000e-02   1.1503869e-04   1.4574000e-05  -3.2544462e-03  -5.5558112e-03  -6.3163387e-04   2.0706011e-02   2.3073493e-02
   3.2000000e-01   6.0000000e-02   1.2059459e-04   1.9810337e-05  -3.2698587e-03  -5.8151437e-03  -8.6321500e-04   2.0738023e-02   2.2949482e-02
   3.2000000e-01   8.0000000e-02   1.2808962e-04   2.3857275e-05  -3.2894962e-03  -6.1722212e-03  -1.0473640e-03   2.0752598e-02   2.2778399e-02
   3.2000000e-01   1.0000000e-01   1.3737525e-04   2.6315275e-05  -3.3122075e-03  -6.6399875e-03  -1.1570862e-03   2.0689083e-02   2.2742708e-02
   3.2000000e-01   1.2000000e-01   1.4878187e-04   2.6886250e-05  -3.3361475e-03  -7.1699050e-03  -1.1773214e-03   2.0750885e-02   2.2836798e-02
   3.2000000e-01   1.4000000e-01   1.6188025e-04   2.4953237e-05  -3.3596637e-03  -7.7979050e-03  -1.1077567e-03   2.0759454e-02   2.2525918e-02
   3.2000000e-01   1.6000000e-01   1.7665475e-04   2.0073550e-05  -3.3805262e-03  -8.5132387e-03  -9.1442212e-04   2.0750593e-02   2.1952170e-02
   3.2000000e-01   1.8000000e-01   1.9297000e-04   1.1673999e-05  -3.3959575e-03  -9.3052900e-03  -5.6990575e-04   2.0737666e-02   2.0484087e-02
   3.2000000e-01   2.0000000e-01   2.1060825e-04  -8.7124887e-07  -3.4025612e-03  -1.0157090e-02  -3.3567562e-05   2.0735097e-02  -2.5955083e-02
   3.2000000e-01   2.2000000e-01   2.2927687e-04  -1.8223787e-05  -3.3957237e-03  -1.1139916e-02   7.1781362e-04   2.0581562e-02   2.5387910e-02
   3.2000000e-01   2.4000000e-01   2.4858075e-04  -4.1111575e-05  -3.3720550e-03  -1.2161352e-02   1.6812337e-03   2.0440222e-02   2.4453218e-02
   3.2000000e-01   2.6000000e-01   2.6806825e-04  -7.0402100e-05  -3.3242600e-03  -1.3078912e-02   3.0502462e-03   2.0496219e-02   2.3080792e-02
   3.2000000e-01   2.8000000e-01   2.8713612e-04  -1.0681907e-04  -3.2473162e-03  -1.3924512e-02   4.5600387e-03   2.0620910e-02   2.3425037e-02
   3.4000000e-01   4.0000000e-02   1.0718559e-04   2.5131687e-05  -3.4654750e-03  -5.1811350e-03  -1.0921635e-03   2.0687665e-02   2.3010921e-02
   3.4000000e-01   6.0000000e-02   1.1373886e-04   3.4911150e-05  -3.4921937e-03  -5.4869212e-03  -1.5234487e-03   2.0729086e-02   2.2915868e-02
   3.4000000e-01   8.0000000e-02   1.2262791e-04   4.3492887e-05  -3.5271675e-03  -5.9025062e-03  -1.9061275e-03   2.0775567e-02   2.2817407e-02
   3.4000000e-01   1.0000000e-01   1.3375112e-04   5.0439312e-05  -3.5692875e-03  -6.4375187e-03  -2.2219050e-03   2.0776813e-02   2.2700931e-02
   3.4000000e-01   1.2000000e-01   1.4733225e-04   5.5355325e-05  -3.6167212e-03  -7.0891850e-03  -2.4334075e-03   2.0782678e-02   2.2748070e-02
   3.4000000e-01   1.4000000e-01   1.6328962e-04   5.7747425e-05  -3.6676450e-03  -7.8470587e-03  -2.5537825e-03   2.0809023e-02   2.2612507e-02
   3.4000000e-01   1.6000000e-01   1.8144000e-04   5.6903325e-05  -3.7197350e-03  -8.7248787e-03  -2.5396712e-03   2.0795704e-02   2.2405784e-02
   3.4000000e-01   1.8000000e-01   2.0177075e-04   5.2233962e-05  -3.7699512e-03  -9.7116287e-03  -2.3598812e-03   2.0776201e-02   2.2134149e-02
   3.4000000e-01   2.0000000e-01   2.2413487e-04   4.2986600e-05  -3.8145700e-03  -1.0797060e-02  -1.9837137e-03   2.0758880e-02   2.1669760e-02
   3.4000000e-01   2.2000000e-01   2.4831225e-04   2.8324125e-05  -3.8495275e-03  -1.2018555e-02  -1.3990375e-03   2.0660741e-02   2.0245437e-02
   3.4000000e-01   2.4000000e-01   2.7407200e-04   7.2208275e-06  -3.8690875e-03  -1.3207962e-02  -4.5376125e-04   2.0750513e-02   1.5913275e-02
   3.4000000e-01   2.6000000e-01   3.0098375e-04  -2.1259825e-05  -3.8651625e-03  -1.4533987e-02   8.7260575e-04   2.0708959e-02   2.4363609e-02
   3.4000000e-01   2.8000000e-01   3.2857125e-04  -5.8245887e-05  -3.8319550e-03  -1.5862537e-02   2.4598625e-03   2.0713663e-02   2.3678514e-02
   3.6000000e-01   4.0000000e-02   9.4394650e-05   3.7349775e-05  -3.6570850e-03  -4.5712725e-03  -1.6227237e-03   2.0649535e-02   2.3016718e-02
   3.6000000e-01   6.0000000e-02   1.0195117e-04   5.2460562e-05  -3.6968262e-03  -4.9293700e-03  -2.2863537e-03   2.0682395e-02   2.2945077e-02
   3.6000000e-01   8.0000000e-02   1.1222299e-04   6.6436162e-05  -3.7495700e-03  -5.4176037e-03  -2.9045525e-03   2.0714506e-02   2.2873115e-02
   3.6000000e-01   1.0000000e-01   1.2525225e-04   7.8864875e-05  -3.8142450e-03  -6.0365512e-03  -3.4614050e-03   2.0748975e-02   2.2784065e-02
   3.6000000e-01   1.2000000e-01   1.4090300e-04   8.9264400e-05  -3.8893537e-03  -6.7997987e-03  -3.9317250e-03   2.0721643e-02   2.2703622e-02
   3.6000000e-01   1.4000000e-01   1.5989462e-04   9.7219437e-05  -3.9730775e-03  -7.6944187e-03  -4.3033737e-03   2.0780598e-02   2.2591446e-02
   3.6000000e-01   1.6000000e-01   1.8158425e-04   1.0189359e-04  -4.0629350e-03  -8.7343675e-03  -4.5334262e-03   2.0789628e-02   2.2476066e-02
   3.6000000e-01   1.8000000e-01   2.0622525e-04   1.0265415e-04  -4.1560562e-03  -9.9238912e-03  -4.6285825e-03   2.0780684e-02   2.2178313e-02
   3.6000000e-01   2.0000000e-01   2.3377162e-04   9.8484362e-05  -4.2489475e-03  -1.1327997e-02  -4.4612187e-03   2.0636624e-02   2.2075663e-02
   3.6000000e-01   2.2000000e-01   2.6419862e-04   8.8432800e-05  -4.3358212e-03  -1.2742737e-02  -4.0432737e-03   2.0733271e-02   2.1871584e-02
   3.6000000e-01   2.4000000e-01   2.9723162e-04   7.1305800e-05  -4.4104250e-03  -1.4336150e-02  -3.2389362e-03   2.0733016e-02   2.2015191e-02
   3.6000000e-01   2.6000000e-01   3.3248787e-04   4.5858612e-05  -4.4657212e-03  -1.6067950e-02  -2.1284225e-03   2.0692613e-02   2.1545822e-02
   3.6000000e-01   2.8000000e-01   3.6984300e-04   1.0688341e-05  -4.4940937e-03  -1.7853200e-02  -5.8693562e-04   2.0715782e-02   1.8210415e-02
   3.8000000e-01   4.0000000e-02   7.5976912e-05   5.1068250e-05  -3.8192762e-03  -3.7099625e-03  -2.2130150e-03   2.0479159e-02   2.3076323e-02
   3.8000000e-01   6.0000000e-02   8.4409950e-05   7.2267687e-05  -3.8735762e-03  -4.1114500e-03  -3.1416175e-03   2.0530458e-02   2.3003337e-02
   3.8000000e-01   8.0000000e-02   9.5916700e-05   9.2529600e-05  -3.9463100e-03  -4.6547962e-03  -4.0352600e-03   2.0605993e-02   2.2930270e-02
   3.8000000e-01   1.0000000e-01   1.1062051e-04   1.1146534e-04  -4.0366125e-03  -5.3481912e-03  -4.8791175e-03   2.0683724e-02   2.2845389e-02
   3.8000000e-01   1.2000000e-01   1.2851700e-04   1.2848962e-04  -4.1433562e-03  -6.2158087e-03  -5.6575325e-03   2.0675829e-02   2.2711248e-02
   3.8000000e-01   1.4000000e-01   1.5016400e-04   1.4341562e-04  -4.2653112e-03  -7.2690162e-03  -6.3746187e-03   2.0658091e-02   2.2497914e-02
   3.8000000e-01   1.6000000e-01   1.7537775e-04   1.5511912e-04  -4.4002375e-03  -8.4980887e-03  -6.9156287e-03   2.0637317e-02   2.2430227e-02
   3.8000000e-01   1.8000000e-01   2.0434762e-04   1.6343837e-04  -4.5446037e-03  -9.9479237e-03  -7.3479912e-03   2.0541736e-02   2.2242592e-02
   3.8000000e-01   2.0000000e-01   2.3750450e-04   1.6660062e-04  -4.6952550e-03  -1.1463324e-02  -7.4740612e-03   2.0718642e-02   2.2290508e-02
   3.8000000e-01   2.2000000e-01   2.7452237e-04   1.6365925e-04  -4.8461562e-03  -1.3272725e-02  -7.3706187e-03   2.0683196e-02   2.2204276e-02
   3.8000000e-01   2.4000000e-01   3.1547312e-04   1.5336550e-04  -4.9913862e-03  -1.5265262e-02  -6.8757187e-03   2.0666079e-02   2.2305377e-02
   3.8000000e-01   2.6000000e-01   3.6046650e-04   1.3365712e-04  -5.1229625e-03  -1.7401375e-02  -6.0179137e-03   2.0714829e-02   2.2209877e-02
   3.8000000e-01   2.8000000e-01   4.0879087e-04   1.0314475e-04  -5.2326887e-03  -1.9748750e-02  -4.6731937e-03   2.0699582e-02   2.2071576e-02
   4.0000000e-01   4.0000000e-02   5.1183675e-05   6.5876300e-05  -3.9403312e-03  -2.5569050e-03  -2.8524462e-03   2.0017824e-02   2.3094668e-02
   4.0000000e-01   6.0000000e-02   6.0270137e-05   9.3941112e-05  -4.0102225e-03  -3.0020562e-03  -4.0892087e-03   2.0076285e-02   2.2972931e-02
   4.0000000e-01   8.0000000e-02   7.2753262e-05   1.2140496e-04  -4.1046775e-03  -3.6030062e-03  -5.3120162e-03   2.0192378e-02   2.2854780e-02
   4.0000000e-01   1.0000000e-01   8.8848675e-05   1.4791137e-04  -4.2234700e-03  -4.3896362e-03  -6.5115887e-03   2.0240555e-02   2.2715098e-02
   4.0000000e-01   1.2000000e-01   1.0885054e-04   1.7304300e-04  -4.3658350e-03  -5.3488987e-03  -7.6360675e-03   2.0350084e-02   2.2661272e-02
   4.0000000e-01   1.4000000e-01   1.3267750e-04   1.9600862e-04  -4.5303412e-03  -6.4960175e-03  -8.7269937e-03   2.0424437e-02   2.2460040e-02
   4.0000000e-01   1.6000000e-01   1.6114862e-04   2.1647162e-04  -4.7155362e-03  -7.8036600e-03  -9.6405625e-03   2.0650390e-02   2.2454253e-02
   4.0000000e-01   1.8000000e-01   1.9371662e-04   2.3365387e-04  -4.9185875e-03  -9.4391712e-03  -1.0506680e-02   2.0522631e-02   2.2238602e-02
   4.0000000e-01   2.0000000e-01   2.3280087e-04   2.4682012e-04  -5.1374050e-03  -1.1262984e-02  -1.1091109e-02   2.0669556e-02   2.2253873e-02
   4.0000000e-01   2.2000000e-01   2.7613862e-04   2.5447387e-04  -5.3657487e-03  -1.3405887e-02  -1.1468341e-02   2.0598310e-02   2.2189249e-02
   4.0000000e-01   2.4000000e-01   3.2570587e-04   2.5430787e-04  -5.5980850e-03  -1.5816900e-02  -1.1401571e-02   2.0592270e-02   2.2304634e-02
   4.0000000e-01   2.6000000e-01   3.8106912e-04   2.4483800e-04  -5.8257462e-03  -1.8481612e-02  -1.0992172e-02   2.0618825e-02   2.2273850e-02
   4.0000000e-01   2.8000000e-01   4.4193912e-04   2.2351062e-04  -6.0399325e-03  -2.1422900e-02  -1.0030846e-02   2.0629286e-02   2.2282330e-02
   4.2000000e-01   4.0000000e-02   1.9488187e-05   8.1453562e-05  -4.0081150e-03  -1.0560209e-03  -3.5330537e-03   1.8454358e-02   2.3054719e-02
   4.2000000e-01   6.0000000e-02   2.8795700e-05   1.1675994e-04  -4.0941812e-03  -1.4907475e-03  -5.0880312e-03   1.9316283e-02   2.2947960e-02
   4.2000000e-01   8.0000000e-02   4.1777362e-05   1.5197712e-04  -4.2115213e-03  -2.0906900e-03  -6.6464275e-03   1.9982572e-02   2.2865987e-02
   4.2000000e-01   1.0000000e-01   5.8747937e-05   1.8669637e-04  -4.3602462e-03  -2.8715987e-03  -8.2053387e-03   2.0458268e-02   2.2753037e-02
   4.2000000e-01   1.2000000e-01   7.9884500e-05   2.2103712e-04  -4.5398525e-03  -3.8686512e-03  -9.7466487e-03   2.0649186e-02   2.2678269e-02
   4.2000000e-01   1.4000000e-01   1.0581159e-04   2.5439150e-04  -4.7501012e-03  -5.1591087e-03  -1.1279877e-02   2.0509664e-02   2.2552683e-02
   4.2000000e-01   1.6000000e-01   1.3686375e-04   2.8629025e-04  -4.9906537e-03  -6.7142575e-03  -1.2745800e-02   2.0384048e-02   2.2461536e-02
   4.2000000e-01   1.8000000e-01   1.7327412e-04   3.1519375e-04  -5.2602975e-03  -8.5772150e-03  -1.4156437e-02   2.0201677e-02   2.2265047e-02
   4.2000000e-01   2.0000000e-01   2.1614962e-04   3.4046612e-04  -5.5567750e-03  -1.0664921e-02  -1.5330900e-02   2.0267344e-02   2.2207837e-02
   4.2000000e-01   2.2000000e-01   2.6553462e-04   3.6120412e-04  -5.8745200e-03  -1.3099537e-02  -1.6272212e-02   2.0270534e-02   2.2197604e-02
   4.2000000e-01   2.4000000e-01   3.2362412e-04   3.7580525e-04  -6.2101637e-03  -1.5841887e-02  -1.6915475e-02   2.0428382e-02   2.2216654e-02
   4.2000000e-01   2.6000000e-01   3.8920937e-04   3.8133687e-04  -6.5547650e-03  -1.9009975e-02  -1.7111425e-02   2.0473955e-02   2.2285512e-02
   4.2000000e-01   2.8000000e-01   4.6356687e-04   3.7539137e-04  -6.8989887e-03  -2.2637187e-02  -1.6802837e-02   2.0478113e-02   2.2340951e-02
   4.4000000e-01   4.0000000e-02  -1.9351800e-05   9.7071487e-05  -4.0106325e-03   8.5920000e-04  -4.1904450e-03   2.2523045e-02   2.3164959e-02
   4.4000000e-01   6.0000000e-02  -1.0191037e-05   1.3965425e-04  -4.1129100e-03   4.5763125e-04  -6.0414612e-03   2.2269103e-02   2.3115972e-02
   4.4000000e-01   8.0000000e-02   2.6370287e-06   1.8275700e-04  -4.2527287e-03  -1.2514400e-04  -7.9440062e-03   2.1071955e-02   2.3005647e-02
   4.4000000e-01   1.0000000e-01   1.9586987e-05   2.2662275e-04  -4.4308712e-03  -8.8760912e-04  -9.8784800e-03   2.2067132e-02   2.2941055e-02
   4.4000000e-01   1.2000000e-01   4.0908412e-05   2.7063987e-04  -4.6484787e-03  -1.8941562e-03  -1.1887931e-02   2.1597169e-02   2.2765935e-02
   4.4000000e-01   1.4000000e-01   6.7495162e-05   3.1485800e-04  -4.9067937e-03  -3.1760450e-03  -1.3948650e-02   2.1251324e-02   2.2572650e-02
   4.4000000e-01   1.6000000e-01   9.9805025e-05   3.5894462e-04  -5.2066462e-03  -4.8057137e-03  -1.6032812e-02   2.0767992e-02   2.2388126e-02
   4.4000000e-01   1.8000000e-01   1.3869087e-04   4.0218825e-04  -5.5479075e-03  -6.8140900e-03  -1.8077062e-02   2.0353543e-02   2.2248540e-02
   4.4000000e-01   2.0000000e-01   1.8509737e-04   4.4372150e-04  -5.9289362e-03  -9.2148662e-03  -1.9995675e-02   2.0086822e-02   2.2190874e-02
   4.4000000e-01   2.2000000e-01   2.3902387e-04   4.8191625e-04  -6.3468437e-03  -1.2035116e-02  -2.1743362e-02   1.9860537e-02   2.2163833e-02
   4.4000000e-01   2.4000000e-01   3.0392837e-04   5.1633625e-04  -6.7991600e-03  -1.5191687e-02  -2.3311137e-02   2.0006229e-02   2.2149766e-02
   4.4000000e-01   2.6000000e-01   3.7910737e-04   5.4298712e-04  -7.2792900e-03  -1.8817962e-02  -2.4429012e-02   2.0146037e-02   2.2227142e-02
   4.4000000e-01   2.8000000e-01   4.6574850e-04   5.5999550e-04  -7.7793950e-03  -2.3023212e-02  -2.5110562e-02   2.0229518e-02   2.2301193e-02
   4.6000000e-01   4.0000000e-02  -6.5193700e-05   1.1221192e-04  -3.9351262e-03   3.0831887e-03  -4.7899500e-03   2.1144894e-02   2.3426534e-02
   4.6000000e-01   6.0000000e-02  -5.6908787e-05   1.6208887e-04  -4.0526050e-03   2.7506187e-03  -6.9510287e-03   2.0689449e-02   2.3318689e-02
   4.6000000e-01   8.0000000e-02  -4.4989587e-05   2.1320437e-04  -4.2137200e-03   2.2274862e-03  -9.1690487e-03   2.0197470e-02   2.3252617e-02
   4.6000000e-01   1.0000000e-01  -2.8985112e-05   2.6566437e-04  -4.4201175e-03   1.5395787e-03  -1.1486462e-02   1.8826651e-02   2.3128476e-02
   4.6000000e-01   1.2000000e-01  -8.4666450e-06   3.1967512e-04  -4.6741675e-03   6.4570312e-04  -1.3943425e-02   1.3112287e-02   2.2926585e-02
   4.6000000e-01   1.4000000e-01   1.7265087e-05   3.7534875e-04  -4.9791737e-03  -5.3807262e-04  -1.6585300e-02   3.2086909e-02   2.2631412e-02
   4.6000000e-01   1.6000000e-01   4.9079087e-05   4.3266762e-04  -5.3386150e-03  -2.1332712e-03  -1.9369175e-02   2.3006492e-02   2.2337948e-02
   4.6000000e-01   1.8000000e-01   8.8075050e-05   4.9138475e-04  -5.7540912e-03  -4.1974312e-03  -2.2165100e-02   2.0983083e-02   2.2169300e-02
   4.6000000e-01   2.0000000e-01   1.3545812e-04   5.5082937e-04  -6.2245537e-03  -6.6935850e-03  -2.4874450e-02   2.0237007e-02   2.2144384e-02
   4.6000000e-01   2.2000000e-01   1.9219800e-04   6.1017750e-04  -6.7498262e-03  -9.7392237e-03  -2.7648637e-02   1.9734427e-02   2.2068990e-02
   4.6000000e-01   2.4000000e-01   2.5989837e-04   6.6729937e-04  -7.3289700e-03  -1.3433175e-02  -3.0307887e-02   1.9347502e-02   2.2017350e-02
   4.6000000e-01   2.6000000e-01   3.4277425e-04   7.2332287e-04  -7.9610637e-03  -1.7523650e-02  -3.2735512e-02   1.9560665e-02   2.2095969e-02
   4.6000000e-01   2.8000000e-01   4.3911225e-04   7.7236887e-04  -8.6374512e-03  -2.2223775e-02  -3.4642637e-02   1.9758671e-02   2.2295325e-02
   4.8000000e-01   4.0000000e-02  -1.1747704e-04   1.2622475e-04  -3.7682137e-03   5.5086000e-03  -5.3266237e-03   2.1326115e-02   2.3696953e-02
   4.8000000e-01   6.0000000e-02  -1.1074990e-04   1.8239912e-04  -3.8997537e-03   5.3155237e-03  -7.7426325e-03   2.0835181e-02   2.3557766e-02
   4.8000000e-01   8.0000000e-02  -1.0071064e-04   2.4063750e-04  -4.0799975e-03   4.9637562e-03  -1.0258105e-02   2.0289199e-02   2.3458280e-02
   4.8000000e-01   1.0000000e-01  -8.6755612e-05   3.0142862e-04  -4.3111187e-03   4.4092287e-03  -1.2873912e-02   1.9675916e-02   2.3413910e-02
   4.8000000e-01   1.2000000e-01  -6.8591300e-05   3.6520912e-04  -4.5965400e-03   3.7448662e-03  -1.5712425e-02   1.8316088e-02   2.3243333e-02
   4.8000000e-01   1.4000000e-01  -4.5462725e-05   4.3239275e-04  -4.9424637e-03   2.8707412e-03  -1.8965162e-02   1.5836581e-02   2.2799317e-02
   4.8000000e-01   1.6000000e-01  -1.6375125e-05   5.0316500e-04  -5.3584537e-03   1.3909937e-03  -2.2645537e-02   1.1772249e-02   2.2219168e-02
   4.8000000e-01   1.8000000e-01   2.0135187e-05   5.7821175e-04  -5.8487412e-03  -7.5826050e-04  -2.6384737e-02   2.6554446e-02   2.1914630e-02
   4.8000000e-01   2.0000000e-01   6.6076725e-05   6.5640562e-04  -6.4104550e-03  -3.2232050e-03  -2.9767375e-02   2.0500317e-02   2.2051176e-02
   4.8000000e-01   2.2000000e-01   1.2135375e-04   7.3819262e-04  -7.0441462e-03  -6.2562550e-03  -3.3639450e-02   1.9397187e-02   2.1944254e-02
   4.8000000e-01   2.4000000e-01   1.8881437e-04   8.2451362e-04  -7.7541375e-03  -9.7057500e-03  -3.7406487e-02   1.9453868e-02   2.2041995e-02
   4.8000000e-01   2.6000000e-01   2.7215375e-04   9.1229487e-04  -8.5412337e-03  -1.3755200e-02  -4.1243200e-02   1.9785517e-02   2.2119886e-02
   4.8000000e-01   2.8000000e-01   3.7407425e-04   1.0009519e-03  -9.4026725e-03  -1.8873037e-02  -4.4856562e-02   1.9820564e-02   2.2314502e-02
   5.0000000e-01   4.0000000e-02  -1.7561537e-04   1.3778075e-04  -3.4976900e-03   8.2043537e-03  -5.7636600e-03   2.1405144e-02   2.3905079e-02
   5.0000000e-01   6.0000000e-02  -1.7068062e-04   1.9943562e-04  -3.6407737e-03   8.0900000e-03  -8.3872500e-03   2.1097729e-02   2.3778429e-02
   5.0000000e-01   8.0000000e-02  -1.6338712e-04   2.6363050e-04  -3.8369625e-03   7.8992337e-03  -1.1104346e-02   2.0683921e-02   2.3741200e-02
   5.0000000e-01   1.0000000e-01  -1.5314287e-04   3.3144087e-04  -4.0882150e-03   7.6096500e-03  -1.3960350e-02   2.0124825e-02   2.3741588e-02
   5.0000000e-01   1.2000000e-01  -1.3861900e-04   4.0346825e-04  -4.3969350e-03   7.2498562e-03  -1.6928462e-02   1.9120241e-02   2.3833721e-02
   5.0000000e-01   1.4000000e-01  -1.2023549e-04   4.8016825e-04  -4.7681650e-03   7.2114525e-03  -2.0446337e-02   1.6672853e-02   2.3484316e-02
   5.0000000e-01   1.6000000e-01  -9.6375037e-05   5.6533437e-04  -5.2333275e-03   6.0884525e-03  -2.6175550e-02   1.5829152e-02   2.1597803e-02
   5.0000000e-01   1.8000000e-01  -6.4662512e-05   6.5533162e-04  -5.8008975e-03   3.5392287e-03  -3.0360125e-02   1.8270227e-02   2.1585274e-02
   5.0000000e-01   2.0000000e-01  -2.5312412e-05   7.5358787e-04  -6.4481362e-03   1.2459605e-03  -3.4446725e-02   2.0315582e-02   2.1876909e-02
   5.0000000e-01   2.2000000e-01   2.3319375e-05   8.6098812e-04  -7.1831850e-03  -1.4084200e-03  -3.9122887e-02   1.6557117e-02   2.2007275e-02
   5.0000000e-01   2.4000000e-01   8.5616675e-05   9.7612375e-04  -8.0150100e-03  -4.5780000e-03  -4.4128162e-02   1.8701764e-02   2.2120199e-02
   5.0000000e-01   2.6000000e-01   1.6395550e-04   1.1002505e-03  -8.9511100e-03  -8.5153325e-03  -4.9540187e-02   1.9254151e-02   2.2209252e-02
   5.0000000e-01   2.8000000e-01   2.6220525e-04   1.2332079e-03  -9.9990987e-03  -1.3502250e-02  -5.5315200e-02   1.9419375e-02   2.2294195e-02
   5.2000000e-01   4.0000000e-02  -2.3842137e-04   1.4572512e-04  -3.1136537e-03   1.1160286e-02  -6.0771587e-03   2.1363375e-02   2.3979154e-02
   5.2000000e-01   6.0000000e-02  -2.3563450e-04   2.1099575e-04  -3.2651325e-03   1.1043537e-02  -8.8399775e-03   2.1336868e-02   2.3868358e-02
   5.2000000e-01   8.0000000e-02  -2.3159987e-04   2.7957337e-04  -3.4723600e-03   1.1027644e-02  -1.1673475e-02   2.1001755e-02   2.3949456e-02
   5.2000000e-01   1.0000000e-01  -2.2570037e-04   3.5232887e-04  -3.7374875e-03   1.0884086e-02  -1.4670087e-02   2.0736732e-02   2.4016822e-02
   5.2000000e-01   1.2000000e-01  -2.1643550e-04   4.3103987e-04  -4.0629512e-03   1.0631870e-02  -1.7709675e-02   2.0357237e-02   2.4339231e-02
   5.2000000e-01   1.4000000e-01  -2.0528925e-04   5.1684025e-04  -4.4416387e-03   1.0105364e-02  -1.9209375e-02   2.0314880e-02   2.6905626e-02
   5.2000000e-01   1.6000000e-01  -1.8917600e-04   6.1686787e-04  -4.9409100e-03   9.2745937e-03  -3.1214987e-02   2.0397228e-02   1.9761913e-02
   5.2000000e-01   1.8000000e-01  -1.6691362e-04   7.2051825e-04  -5.5852087e-03   8.0801237e-03  -3.3659762e-02   2.0657310e-02   2.1405922e-02
   5.2000000e-01   2.0000000e-01  -1.3801875e-04   8.3626925e-04  -6.3018962e-03   6.5566950e-03  -3.8221550e-02   2.1050049e-02   2.1879522e-02
   5.2000000e-01   2.2000000e-01  -1.0010794e-04   9.6508525e-04  -7.1200775e-03   4.6189500e-03  -4.3727000e-02   2.1673310e-02   2.2070694e-02
   5.2000000e-01   2.4000000e-01  -5.0162750e-05   1.1089384e-03  -8.0562762e-03   2.1324363e-03  -5.0015375e-02   2.3523681e-02   2.2171950e-02
   5.2000000e-01   2.6000000e-01   1.4880450e-05   1.2695337e-03  -9.1258250e-03  -1.1521256e-03  -5.7073475e-02   1.2915649e-02   2.2243849e-02
   5.2000000e-01   2.8000000e-01   9.9447900e-05   1.4486200e-03  -1.0344864e-02  -5.4565475e-03  -6.4967675e-02   1.8225426e-02   2.2297550e-02
   5.4000000e-01   4.0000000e-02  -3.0372587e-04   1.4819837e-04  -2.6083125e-03   1.4347162e-02  -6.1850600e-03   2.1169752e-02   2.3960701e-02
   5.4000000e-01   6.0000000e-02  -3.0381775e-04   2.1583787e-04  -2.7635425e-03   1.4402737e-02  -9.1078612e-03   2.1094445e-02   2.3697976e-02
   5.4000000e-01   8.0000000e-02  -3.0410337e-04   2.8732337e-04  -2.9769650e-03   1.4298312e-02  -1.2029440e-02   2.1268480e-02   2.3885017e-02
   5.4000000e-01   1.0000000e-01  -3.0367650e-04   3.6412462e-04  -3.2515087e-03   1.4150837e-02  -1.5184775e-02   2.1459967e-02   2.3979586e-02
   5.4000000e-01   1.2000000e-01  -3.0187225e-04   4.4767212e-04  -3.5924350e-03   1.3842312e-02  -1.8683012e-02   2.1807935e-02   2.3961453e-02
   5.4000000e-01   1.4000000e-01  -2.9820087e-04   5.3993537e-04  -4.0073487e-03   1.2872062e-02  -2.2893675e-02   2.3166519e-02   2.3584478e-02
   5.4000000e-01   1.6000000e-01  -2.9240437e-04   6.4410087e-04  -4.5340712e-03   1.2608650e-02  -2.9833050e-02   2.3190776e-02   2.1590179e-02
   5.4000000e-01   1.8000000e-01  -2.8335312e-04   7.5950925e-04  -5.1834737e-03   1.3246550e-02  -3.4968212e-02   2.1390711e-02   2.1719991e-02
   5.4000000e-01   2.0000000e-01  -2.6894712e-04   8.8994525e-04  -5.9362375e-03   1.2902850e-02  -4.0457137e-02   2.0844009e-02   2.1997237e-02
   5.4000000e-01   2.2000000e-01  -2.4759775e-04   1.0380065e-03  -6.8079475e-03   1.1979452e-02  -4.6886062e-02   2.0668536e-02   2.2138914e-02
   5.4000000e-01   2.4000000e-01  -2.1705512e-04   1.2066781e-03  -7.8184412e-03   1.0450469e-02  -5.4331675e-02   2.0769894e-02   2.2209478e-02
   5.4000000e-01   2.6000000e-01  -1.7417600e-04   1.4002412e-03  -8.9886450e-03   8.2854012e-03  -6.2887400e-02   2.1022036e-02   2.2265847e-02
   5.4000000e-01   2.8000000e-01  -1.1465795e-04   1.6224400e-03  -1.0342659e-02   5.2507925e-03  -7.2740475e-02   2.1836313e-02   2.2304501e-02
   5.6000000e-01   4.0000000e-02  -3.6996862e-04   1.4574375e-04  -1.9804012e-03   1.7331037e-02  -6.1157962e-03   2.1347171e-02   2.3830707e-02
   5.6000000e-01   6.0000000e-02  -3.7343612e-04   2.1293925e-04  -2.1332762e-03   1.7449175e-02  -8.9651400e-03   2.1401363e-02   2.3751916e-02
   5.6000000e-01   8.0000000e-02  -3.7824412e-04   2.8413962e-04  -2.3456812e-03   1.7613300e-02  -1.2001225e-02   2.1474915e-02   2.3675885e-02
   5.6000000e-01   1.0000000e-01  -3.8404937e-04   3.6114137e-04  -2.6219575e-03   1.7826075e-02  -1.5308800e-02   2.1544248e-02   2.3590443e-02
   5.6000000e-01   1.2000000e-01  -3.9064312e-04   4.4574587e-04  -2.9685862e-03   1.8045125e-02  -1.9068400e-02   2.1648125e-02   2.3376155e-02
   5.6000000e-01   1.4000000e-01  -3.9748812e-04   5.4013937e-04  -3.3967850e-03   1.8220700e-02  -2.3555687e-02   2.1815195e-02   2.2930317e-02
   5.6000000e-01   1.6000000e-01  -4.0416050e-04   6.4671800e-04  -3.9243700e-03   1.8707200e-02  -2.8999237e-02   2.1604543e-02   2.2301207e-02
   5.6000000e-01   1.8000000e-01  -4.1017350e-04   7.6809575e-04  -4.5637400e-03   1.9505912e-02  -3.4765200e-02   2.1028163e-02   2.2093811e-02
   5.6000000e-01   2.0000000e-01  -4.1389837e-04   9.0725137e-04  -5.3188300e-03   2.0045300e-02  -4.0883787e-02   2.0648151e-02   2.2190982e-02
   5.6000000e-01   2.2000000e-01  -4.1360050e-04   1.0668426e-03  -6.2060525e-03   2.0261100e-02  -4.8051737e-02   2.0413526e-02   2.2201957e-02
   5.6000000e-01   2.4000000e-01  -4.0933975e-04   1.2533625e-03  -7.2483087e-03   2.0075725e-02  -5.6353437e-02   2.0389787e-02   2.2241101e-02
   5.6000000e-01   2.6000000e-01  -3.9715375e-04   1.4716812e-03  -8.4696350e-03   1.9482087e-02  -6.6036137e-02   2.0385585e-02   2.2285998e-02
   5.6000000e-01   2.8000000e-01  -3.7386362e-04   1.7272512e-03  -9.9010700e-03   1.8308562e-02  -7.7407950e-02   2.0420152e-02   2.2313616e-02
   5.8000000e-01   4.0000000e-02  -4.3373075e-04   1.3682100e-04  -1.2307361e-03   2.0349775e-02  -5.7884712e-03   2.1313786e-02   2.3636811e-02
   5.8000000e-01   6.0000000e-02  -4.4086587e-04   2.0005150e-04  -1.3756775e-03   2.0623200e-02  -8.5014250e-03   2.1377181e-02   2.3531526e-02
   5.8000000e-01   8.0000000e-02  -4.5076737e-04   2.6767800e-04  -1.5774237e-03   2.1038400e-02  -1.1408620e-02   2.1425934e-02   2.3462785e-02
   5.8000000e-01   1.0000000e-01  -4.6343250e-04   3.4135625e-04  -1.8409125e-03   2.1573525e-02  -1.4613562e-02   2.1481538e-02   2.3358866e-02
   5.8000000e-01   1.2000000e-01  -4.7885012e-04   4.2306525e-04  -2.1733625e-03   2.2285625e-02  -1.8264050e-02   2.1486951e-02   2.3163825e-02
   5.8000000e-01   1.4000000e-01  -4.9704437e-04   5.1500575e-04  -2.5849162e-03   2.3235100e-02  -2.2522512e-02   2.1391962e-02   2.2866265e-02
   5.8000000e-01   1.6000000e-01  -5.1768212e-04   6.1969062e-04  -3.0883100e-03   2.4409050e-02  -2.7459700e-02   2.1208614e-02   2.2567276e-02
   5.8000000e-01   1.8000000e-01  -5.4053625e-04   7.3989900e-04  -3.6975100e-03   2.5820375e-02  -3.3107525e-02   2.0934485e-02   2.2348363e-02
   5.8000000e-01   2.0000000e-01  -5.6382087e-04   8.7829400e-04  -4.4249212e-03   2.7396900e-02  -3.9362462e-02   2.0579733e-02   2.2312984e-02
   5.8000000e-01   2.2000000e-01  -5.8963537e-04   1.0418974e-03  -5.2855162e-03   2.8906862e-02  -4.6637425e-02   2.0397765e-02   2.2340371e-02
   5.8000000e-01   2.4000000e-01  -6.1748950e-04   1.2363150e-03  -6.3063187e-03   3.0480612e-02  -5.5450737e-02   2.0258435e-02   2.2295736e-02
   5.8000000e-01   2.6000000e-01  -6.4243175e-04   1.4661737e-03  -7.5153700e-03   3.1842500e-02  -6.5719462e-02   2.0175292e-02   2.2309582e-02
   5.8000000e-01   2.8000000e-01  -6.6366650e-04   1.7399525e-03  -8.9483612e-03   3.2933475e-02  -7.7938775e-02   2.0151730e-02   2.2324607e-02
   6.0000000e-01   4.0000000e-02  -4.9199850e-04   1.2122576e-04  -3.6591875e-04   2.3156262e-02  -5.1603162e-03   2.1246887e-02   2.3491925e-02
   6.0000000e-01   6.0000000e-02  -5.0298450e-04   1.7753750e-04  -4.9580737e-04   2.3582937e-02  -7.6134287e-03   2.1328323e-02   2.3318994e-02
   6.0000000e-01   8.0000000e-02  -5.1786037e-04   2.3793562e-04  -6.7655475e-04   2.4223875e-02  -1.0213676e-02   2.1378098e-02   2.3295787e-02
   6.0000000e-01   1.0000000e-01  -5.3748712e-04   3.0401250e-04  -9.1234187e-04   2.5134062e-02  -1.3062587e-02   2.1384809e-02   2.3273528e-02
   6.0000000e-01   1.2000000e-01  -5.6208337e-04   3.7813400e-04  -1.2099362e-03   2.6331025e-02  -1.6335962e-02   2.1346810e-02   2.3147335e-02
   6.0000000e-01   1.4000000e-01  -5.9149812e-04   4.6221625e-04  -1.5790587e-03   2.7815825e-02  -2.0142500e-02   2.1264806e-02   2.2947313e-02
   6.0000000e-01   1.6000000e-01  -6.2621200e-04   5.5846175e-04  -2.0314612e-03   2.9699775e-02  -2.4631912e-02   2.1084739e-02   2.2672285e-02
   6.0000000e-01   1.8000000e-01  -6.6532825e-04   6.6920625e-04  -2.5807025e-03   3.1894925e-02  -2.9752525e-02   2.0860004e-02   2.2492419e-02
   6.0000000e-01   2.0000000e-01  -7.1186712e-04   8.0158025e-04  -3.2399475e-03   3.4482525e-02  -3.5695700e-02   2.0644286e-02   2.2455933e-02
   6.0000000e-01   2.2000000e-01  -7.6618212e-04   9.5907737e-04  -4.0281062e-03   3.7301200e-02  -4.2623162e-02   2.0540415e-02   2.2501319e-02
   6.0000000e-01   2.4000000e-01  -8.2644612e-04   1.1449687e-03  -4.9676425e-03   4.0447725e-02  -5.0937162e-02   2.0432450e-02   2.2478063e-02
   6.0000000e-01   2.6000000e-01  -8.9322437e-04   1.3695175e-03  -6.0915562e-03   4.3980025e-02  -6.1072337e-02   2.0309774e-02   2.2424514e-02
   6.0000000e-01   2.8000000e-01  -9.6639237e-04   1.6416600e-03  -7.4373237e-03   4.7875125e-02  -7.3303425e-02   2.0185689e-02   2.2395406e-02
   6.2000000e-01   4.0000000e-02  -5.4187187e-04   9.8937187e-05   6.0110237e-04   2.5591125e-02  -4.2329325e-03   2.1174211e-02   2.3373202e-02
   6.2000000e-01   6.0000000e-02  -5.5651700e-04   1.4528512e-04   4.9297687e-04   2.6195975e-02  -6.3367400e-03   2.1244371e-02   2.2927424e-02
   6.2000000e-01   8.0000000e-02  -5.7564012e-04   1.9481775e-04   3.4226912e-04   2.7077787e-02  -8.4858425e-03   2.1258758e-02   2.2957974e-02
   6.2000000e-01   1.0000000e-01  -6.0168100e-04   2.4968275e-04   1.4855225e-04   2.8327000e-02  -1.0611075e-02   2.1240548e-02   2.3530392e-02
   6.2000000e-01   1.2000000e-01  -6.3534075e-04   3.1179812e-04  -9.3715862e-05   2.9902075e-02  -1.3370650e-02   2.1247380e-02   2.3319594e-02
   6.2000000e-01   1.4000000e-01  -6.7433062e-04   3.8216550e-04  -3.9752425e-04   3.1935275e-02  -1.6599887e-02   2.1115542e-02   2.3022174e-02
   6.2000000e-01   1.6000000e-01  -7.2213250e-04   4.6326575e-04  -7.7083025e-04   3.4389087e-02  -2.0322150e-02   2.0998885e-02   2.2796099e-02
   6.2000000e-01   1.8000000e-01  -7.7991912e-04   5.6009412e-04  -1.2266125e-03   3.7276975e-02  -2.4647712e-02   2.0922275e-02   2.2723980e-02
   6.2000000e-01   2.0000000e-01  -8.4788962e-04   6.7407225e-04  -1.7771037e-03   4.0751250e-02  -2.9766625e-02   2.0806469e-02   2.2645236e-02
   6.2000000e-01   2.2000000e-01  -9.2767512e-04   8.1018925e-04  -2.4389625e-03   4.4843012e-02  -3.5763612e-02   2.0687172e-02   2.2654010e-02
   6.2000000e-01   2.4000000e-01  -1.0207549e-03   9.7477500e-04  -3.2341412e-03   4.9647312e-02  -4.3095237e-02   2.0560123e-02   2.2619089e-02
   6.2000000e-01   2.6000000e-01  -1.1297641e-03   1.1751322e-03  -4.1939362e-03   5.5197162e-02  -5.2127275e-02   2.0467794e-02   2.2543520e-02
   6.2000000e-01   2.8000000e-01  -1.2554700e-03   1.4205875e-03  -5.3538700e-03   6.1632087e-02  -6.3142687e-02   2.0370396e-02   2.2498053e-02
   6.4000000e-01   4.0000000e-02  -5.8089462e-04   7.1694900e-05   1.6521962e-03   2.7464025e-02  -3.0603987e-03   2.1151110e-02   2.3426653e-02
   6.4000000e-01   6.0000000e-02  -5.9776887e-04   1.0491367e-04   1.5739537e-03   2.8318862e-02  -4.5656087e-03   2.1108506e-02   2.2979121e-02
   6.4000000e-01   8.0000000e-02  -6.2142637e-04   1.4171175e-04   1.4649450e-03   2.9583800e-02  -6.0828237e-03   2.1005631e-02   2.3297034e-02
   6.4000000e-01   1.0000000e-01  -6.5283075e-04   1.8243175e-04   1.3254312e-03   3.1080350e-02  -7.6268625e-03   2.1004614e-02   2.3919633e-02
   6.4000000e-01   1.2000000e-01  -6.9252350e-04   2.2747875e-04   1.1509041e-03   3.2863125e-02  -9.6033062e-03   2.1072966e-02   2.3687545e-02
   6.4000000e-01   1.4000000e-01  -7.4085000e-04   2.7894362e-04   9.3163962e-04   3.5273562e-02  -1.2003245e-02   2.1002982e-02   2.3239018e-02
   6.4000000e-01   1.6000000e-01  -8.0034400e-04   3.3988112e-04   6.6073887e-04   3.8178575e-02  -1.4719537e-02   2.0963171e-02   2.3090476e-02
   6.4000000e-01   1.8000000e-01  -8.7211350e-04   4.1147475e-04   3.2999987e-04   4.1730837e-02  -1.7932937e-02   2.0898538e-02   2.2945195e-02
   6.4000000e-01   2.0000000e-01  -9.5813925e-04   4.9699150e-04  -7.2147050e-05   4.6012212e-02  -2.1769187e-02   2.0823586e-02   2.2830044e-02
   6.4000000e-01   2.2000000e-01  -1.0609151e-03   6.0047725e-04  -5.5879750e-04   5.1144937e-02  -2.6328875e-02   2.0743307e-02   2.2806795e-02
   6.4000000e-01   2.4000000e-01  -1.1837877e-03   7.2733262e-04  -1.1488114e-03   5.7252937e-02  -3.1984425e-02   2.0676454e-02   2.2740213e-02
   6.4000000e-01   2.6000000e-01  -1.3295637e-03   8.8329425e-04  -1.8651887e-03   6.4568462e-02  -3.8854750e-02   2.0591535e-02   2.2733237e-02
   6.4000000e-01   2.8000000e-01  -1.5035800e-03   1.0783143e-03  -2.7395812e-03   7.3114612e-02  -4.7639387e-02   2.0564699e-02   2.2634931e-02
   6.6000000e-01   4.0000000e-02  -6.0645000e-04   4.0781275e-05   2.7651262e-03   2.8729425e-02  -1.6969075e-03   2.1109020e-02   2.4032704e-02
   6.6000000e-01   6.0000000e-02  -6.2531862e-04   5.9777675e-05   2.7218787e-03   2.9666187e-02  -2.4855837e-03   2.1078496e-02   2.4049753e-02
   6.6000000e-01   8.0000000e-02  -6.5173762e-04   8.0386712e-05   2.6622487e-03   3.0980250e-02  -3.3006412e-03   2.1037197e-02   2.4354877e-02
   6.6000000e-01   1.0000000e-01  -6.8653462e-04   1.0308679e-04   2.5854925e-03   3.2656237e-02  -4.1871075e-03   2.1023078e-02   2.4620048e-02
   6.6000000e-01   1.2000000e-01  -7.3037687e-04   1.2847075e-04   2.4892312e-03   3.4774250e-02  -5.2389137e-03   2.1003383e-02   2.4522402e-02
   6.6000000e-01   1.4000000e-01  -7.8491675e-04   1.5755562e-04   2.3690200e-03   3.7469287e-02  -6.5791062e-03   2.0948270e-02   2.3947877e-02
   6.6000000e-01   1.6000000e-01  -8.5242875e-04   1.9159850e-04   2.2196850e-03   4.0780362e-02  -8.0829275e-03   2.0902922e-02   2.3704097e-02
   6.6000000e-01   1.8000000e-01  -9.3415625e-04   2.3215262e-04   2.0368962e-03   4.4842625e-02  -9.8955837e-03   2.0831881e-02   2.3460225e-02
   6.6000000e-01   2.0000000e-01  -1.0331586e-03   2.8109575e-04   1.8132337e-03   4.9712025e-02  -1.2072819e-02   2.0782871e-02   2.3283357e-02
   6.6000000e-01   2.2000000e-01  -1.1529432e-03   3.4115087e-04   1.5420900e-03   5.5728750e-02  -1.4653562e-02   2.0688482e-02   2.3281088e-02
   6.6000000e-01   2.4000000e-01  -1.2977062e-03   4.1604437e-04   1.2103302e-03   6.2941087e-02  -1.8023975e-02   2.0617792e-02   2.3082831e-02
   6.6000000e-01   2.6000000e-01  -1.4727200e-03   5.1077450e-04   8.0186000e-04   7.1591100e-02  -2.2242075e-02   2.0571272e-02   2.2964337e-02
   6.6000000e-01   2.8000000e-01  -1.6834112e-03   6.3122412e-04   2.9693550e-04   8.2094012e-02  -2.7569150e-02   2.0505896e-02   2.2896031e-02
   6.8000000e-01   4.0000000e-02  -6.1740300e-04   7.7954525e-06   3.9126050e-03   2.9247812e-02  -2.5364037e-04   2.1109374e-02   3.0734273e-02
   6.8000000e-01   6.0000000e-02  -6.3695612e-04   1.1191765e-05   3.9064300e-03   3.0204975e-02  -3.3888675e-04   2.1087789e-02   3.3025089e-02
   6.8000000e-01   8.0000000e-02  -6.6432450e-04   1.4632862e-05   3.8986037e-03   3.1545137e-02  -4.1286587e-04   2.1059490e-02   3.5442170e-02
   6.8000000e-01   1.0000000e-01  -7.0036250e-04   1.8117062e-05   3.8893312e-03   3.3296625e-02  -4.8522225e-04   2.1034039e-02   3.7337658e-02
   6.8000000e-01   1.2000000e-01  -7.4604712e-04   2.1712650e-05   3.8783850e-03   3.5529737e-02  -5.7954937e-04   2.0997823e-02   3.7464711e-02
   6.8000000e-01   1.4000000e-01  -8.0289775e-04   2.5779325e-05   3.8651587e-03   3.8369750e-02  -7.0428525e-04   2.0925280e-02   3.6603528e-02
   6.8000000e-01   1.6000000e-01  -8.7370550e-04   3.0273450e-05   3.8491412e-03   4.1842600e-02  -8.7477200e-04   2.0880765e-02   3.4607246e-02
   6.8000000e-01   1.8000000e-01  -9.5979550e-04   3.5621675e-05   3.8289625e-03   4.6159912e-02  -1.1133719e-03   2.0792836e-02   3.1994409e-02
   6.8000000e-01   2.0000000e-01  -1.0646567e-03   4.2380912e-05   3.8033000e-03   5.1539387e-02  -1.4116587e-03   2.0657148e-02   3.0022066e-02
   6.8000000e-01   2.2000000e-01  -1.1926020e-03   5.1394437e-05   3.7715337e-03   5.7799012e-02  -1.7742887e-03   2.0633605e-02   2.8966220e-02
   6.8000000e-01   2.4000000e-01  -1.3484262e-03   6.4061662e-05   3.7298175e-03   6.5494125e-02  -2.3888612e-03   2.0588507e-02   2.6816820e-02
   6.8000000e-01   2.6000000e-01  -1.5387850e-03   8.2325250e-05   3.6733887e-03   7.4922500e-02  -3.2702550e-03   2.0538356e-02   2.5173954e-02
   6.8000000e-01   2.8000000e-01  -1.7713887e-03   1.0973320e-04   3.5958450e-03   8.6457587e-02  -4.5202900e-03   2.0488529e-02   2.4275699e-02
   7.0000000e-01   4.0000000e-02  -6.1320737e-04  -2.5258462e-05   5.0656862e-03   2.8989212e-02   1.1783141e-03   2.1152950e-02   2.1436103e-02
   7.0000000e-01   6.0000000e-02  -6.3217150e-04  -3.7482262e-05   5.0964087e-03   2.9914412e-02   1.7915900e-03   2.1132673e-02   2.0921228e-02
   7.0000000e-01   8.0000000e-02  -6.5868900e-04  -5.1155975e-05   5.1401512e-03   3.1201825e-02   2.4593237e-03   2.1110592e-02   2.0800830e-02
   7.0000000e-01   1.0000000e-01  -6.9356712e-04  -6.6856700e-05   5.1985487e-03   3.2895312e-02   3.2335600e-03   2.1084072e-02   2.0675880e-02
   7.0000000e-01   1.2000000e-01  -7.3786662e-04  -8.5244812e-05   5.2738337e-03   3.5072975e-02   4.1277150e-03   2.1038039e-02   2.0651816e-02
   7.0000000e-01   1.4000000e-01  -7.9328937e-04  -1.0692935e-04   5.3689237e-03   3.7824925e-02   5.2101012e-03   2.0972662e-02   2.0523469e-02
   7.0000000e-01   1.6000000e-01  -8.6190775e-04  -1.3288512e-04   5.4874700e-03   4.1234812e-02   6.4285962e-03   2.0902429e-02   2.0670940e-02
   7.0000000e-01   1.8000000e-01  -9.4577912e-04  -1.6380975e-04   5.6324450e-03   4.5454737e-02   7.8339362e-03   2.0807053e-02   2.0910274e-02
   7.0000000e-01   2.0000000e-01  -1.0481985e-03  -2.0107025e-04   5.8085112e-03   5.0563300e-02   9.5121187e-03   2.0730421e-02   2.1138324e-02
   7.0000000e-01   2.2000000e-01  -1.1734297e-03  -2.4587075e-04   6.0215850e-03   5.6846562e-02   1.1457471e-02   2.0642053e-02   2.1459425e-02
   7.0000000e-01   2.4000000e-01  -1.3267150e-03  -2.9979675e-04   6.2781450e-03   6.4489037e-02   1.3821800e-02   2.0572721e-02   2.1690138e-02
   7.0000000e-01   2.6000000e-01  -1.5150837e-03  -3.6448225e-04   6.5875187e-03   7.3869037e-02   1.6660137e-02   2.0510403e-02   2.1877506e-02
   7.0000000e-01   2.8000000e-01  -1.7475912e-03  -4.4142587e-04   6.9596650e-03   8.5499400e-02   1.9988112e-02   2.0439807e-02   2.2084420e-02
   7.2000000e-01   4.0000000e-02  -5.9425325e-04  -5.6332450e-05   6.1949612e-03   2.7925075e-02   2.5496700e-03   2.1280274e-02   2.2094016e-02
   7.2000000e-01   6.0000000e-02  -6.1147825e-04  -8.3236112e-05   6.2612150e-03   2.8853312e-02   3.8422187e-03   2.1192653e-02   2.1663554e-02
   7.2000000e-01   8.0000000e-02  -6.3541450e-04  -1.1288159e-04   6.3528937e-03   2.9974275e-02   5.1445975e-03   2.1198661e-02   2.1941772e-02
   7.2000000e-01   1.0000000e-01  -6.6681512e-04  -1.4649900e-04   6.4742275e-03   3.1463500e-02   6.7749500e-03   2.1193291e-02   2.1623628e-02
   7.2000000e-01   1.2000000e-01  -7.0664825e-04  -1.8531387e-04   6.6305412e-03   3.3454475e-02   8.5703000e-03   2.1122682e-02   2.1622799e-02
   7.2000000e-01   1.4000000e-01  -7.5595237e-04  -2.3073975e-04   6.8257675e-03   3.5876525e-02   1.0743124e-02   2.1070948e-02   2.1477901e-02
   7.2000000e-01   1.6000000e-01  -8.1776925e-04  -2.8458775e-04   7.0702925e-03   3.8931800e-02   1.3333587e-02   2.1005174e-02   2.1343674e-02
   7.2000000e-01   1.8000000e-01  -8.9254200e-04  -3.4966037e-04   7.3708162e-03   4.2813787e-02   1.6313712e-02   2.0847069e-02   2.1433526e-02
   7.2000000e-01   2.0000000e-01  -9.8384937e-04  -4.2847475e-04   7.7356550e-03   4.7512325e-02   1.9755737e-02   2.0707245e-02   2.1688623e-02
   7.2000000e-01   2.2000000e-01  -1.0952681e-03  -5.2384675e-04   8.1771612e-03   5.3050062e-02   2.3913200e-02   2.0645935e-02   2.1906175e-02
   7.2000000e-01   2.4000000e-01  -1.2313026e-03  -6.4076775e-04   8.7127012e-03   5.9828875e-02   2.9078462e-02   2.0580407e-02   2.2035819e-02
   7.2000000e-01   2.6000000e-01  -1.3985175e-03  -7.8505550e-04   9.3652212e-03   6.8182612e-02   3.5521162e-02   2.0511351e-02   2.2101064e-02
   7.2000000e-01   2.8000000e-01  -1.6053912e-03  -9.6321300e-04   1.0164021e-02   7.8651075e-02   4.3581062e-02   2.0411561e-02   2.2101641e-02
   7.4000000e-01   4.0000000e-02  -5.6211287e-04  -8.3379862e-05   7.2813637e-03   2.6993612e-02   3.5913725e-03   2.0823922e-02   2.3216712e-02
   7.4000000e-01   6.0000000e-02  -5.7653775e-04  -1.2307791e-04   7.3736262e-03   2.7216662e-02   5.4255900e-03   2.1183264e-02   2.2684706e-02
   7.4000000e-01   8.0000000e-02  -5.9631725e-04  -1.6659612e-04   7.5051300e-03   2.8030762e-02   7.5680050e-03   2.1273672e-02   2.2013216e-02
   7.4000000e-01   1.0000000e-01  -6.2211325e-04  -2.1550887e-04   7.6826250e-03   2.9487050e-02   9.9122237e-03   2.1097846e-02   2.1741728e-02
   7.4000000e-01   1.2000000e-01  -6.5453062e-04  -2.7169125e-04   7.9070825e-03   3.1016112e-02   1.2323722e-02   2.1102923e-02   2.2046200e-02
   7.4000000e-01   1.4000000e-01  -6.9590275e-04  -3.3693550e-04   8.1878762e-03   3.2971400e-02   1.5466837e-02   2.1106254e-02   2.1784382e-02
   7.4000000e-01   1.6000000e-01  -7.4532687e-04  -4.1421475e-04   8.5385850e-03   3.5439900e-02   1.9180037e-02   2.1030727e-02   2.1596139e-02
   7.4000000e-01   1.8000000e-01  -8.0456262e-04  -5.0669500e-04   8.9702237e-03   3.8579175e-02   2.3547500e-02   2.0854843e-02   2.1517996e-02
   7.4000000e-01   2.0000000e-01  -8.7762787e-04  -6.1844325e-04   9.4963837e-03   4.2269150e-02   2.8414837e-02   2.0762847e-02   2.1764800e-02
   7.4000000e-01   2.2000000e-01  -9.6548037e-04  -7.5489200e-04   1.0129769e-02   4.6893612e-02   3.4364662e-02   2.0588740e-02   2.1967101e-02
   7.4000000e-01   2.4000000e-01  -1.0709799e-03  -9.2266550e-04   1.0897175e-02   5.2165287e-02   4.1642987e-02   2.0530508e-02   2.2156564e-02
   7.4000000e-01   2.6000000e-01  -1.1987345e-03  -1.1327014e-03   1.1830761e-02   5.8431850e-02   5.1014550e-02   2.0515087e-02   2.2203496e-02
   7.4000000e-01   2.8000000e-01  -1.3578837e-03  -1.3937725e-03   1.2979162e-02   6.6324962e-02   6.2959537e-02   2.0473193e-02   2.2137591e-02
   7.6000000e-01   4.0000000e-02  -5.1884537e-04  -1.0483765e-04   8.3007475e-03   2.4675525e-02   4.1998412e-03   2.1026721e-02   2.4962289e-02
   7.6000000e-01   6.0000000e-02  -5.2948487e-04  -1.5450987e-04   8.4070675e-03   2.4786050e-02   6.2850200e-03   2.1362213e-02   2.4583832e-02
   7.6000000e-01   8.0000000e-02  -5.4419087e-04  -2.0894400e-04   8.5617425e-03   2.4748312e-02   9.0893975e-03   2.1989009e-02   2.2987662e-02
   7.6000000e-01   1.0000000e-01  -5.6299550e-04  -2.6943325e-04   8.7816087e-03   2.5574350e-02   1.2518912e-02   2.2014069e-02   2.1522097e-02
   7.6000000e-01   1.2000000e-01  -5.8741087e-04  -3.3778650e-04   9.0671550e-03   2.7596750e-02   1.5709425e-02   2.1285509e-02   2.1502156e-02
   7.6000000e-01   1.4000000e-01  -6.1656600e-04  -4.1738212e-04   9.4219800e-03   2.9791025e-02   1.9385312e-02   2.0696367e-02   2.1530843e-02
   7.6000000e-01   1.6000000e-01  -6.5126150e-04  -5.1137762e-04   9.8562062e-03   3.1885950e-02   2.3667387e-02   2.0424717e-02   2.1606847e-02
   7.6000000e-01   1.8000000e-01  -6.9212875e-04  -6.2309812e-04   1.0384571e-02   3.4064287e-02   2.8792887e-02   2.0318310e-02   2.1640696e-02
   7.6000000e-01   2.0000000e-01  -7.4039950e-04  -7.5729662e-04   1.1026081e-02   3.6224337e-02   3.4812437e-02   2.0439283e-02   2.1753623e-02
   7.6000000e-01   2.2000000e-01  -7.9757987e-04  -9.2072500e-04   1.1796822e-02   3.9192900e-02   4.1716375e-02   2.0350111e-02   2.2071069e-02
   7.6000000e-01   2.4000000e-01  -8.6466037e-04  -1.1214674e-03   1.2722637e-02   4.2646612e-02   5.0504250e-02   2.0275007e-02   2.2205406e-02
   7.6000000e-01   2.6000000e-01  -9.3810725e-04  -1.3690675e-03   1.3851412e-02   4.6799287e-02   6.2035550e-02   2.0045332e-02   2.2069080e-02
   7.6000000e-01   2.8000000e-01  -1.0323525e-03  -1.6817875e-03   1.5231975e-02   5.1380762e-02   7.6025087e-02   2.0092199e-02   2.2121481e-02
   7.8000000e-01   4.0000000e-02  -4.6730650e-04  -1.1950832e-04   9.2278787e-03   2.2178975e-02   4.6023937e-03   2.1069797e-02   2.5966558e-02
   7.8000000e-01   6.0000000e-02  -4.7373487e-04  -1.7553812e-04   9.3418050e-03   2.2259100e-02   6.5318225e-03   2.1282751e-02   2.6874295e-02
   7.8000000e-01   8.0000000e-02  -4.8277325e-04  -2.3626750e-04   9.4898812e-03   2.0852662e-02   8.0827287e-03   2.3151636e-02   2.9231155e-02
   7.8000000e-01   1.0000000e-01  -4.9505575e-04  -3.0438375e-04   9.7306287e-03   2.0870712e-02   1.6024125e-02   2.3720117e-02   1.8995343e-02
   7.8000000e-01   1.2000000e-01  -5.0936300e-04  -3.8027437e-04   1.0085225e-02   2.3974300e-02   1.8699100e-02   2.1246209e-02   2.0336507e-02
   7.8000000e-01   1.4000000e-01  -5.2550675e-04  -4.6782937e-04   1.0495959e-02   2.5248100e-02   2.2058287e-02   2.0813715e-02   2.1208780e-02
   7.8000000e-01   1.6000000e-01  -5.4392087e-04  -5.6978412e-04   1.0984420e-02   2.6393037e-02   2.6421100e-02   2.0608499e-02   2.1565496e-02
   7.8000000e-01   1.8000000e-01  -5.6425650e-04  -6.9013225e-04   1.1569826e-02   2.7526812e-02   3.1790237e-02   2.0498432e-02   2.1708937e-02
   7.8000000e-01   2.0000000e-01  -5.8592037e-04  -8.3378400e-04   1.2273047e-02   2.8505587e-02   3.8210287e-02   2.0554580e-02   2.1820930e-02
   7.8000000e-01   2.2000000e-01  -6.0851750e-04  -1.0073640e-03   1.3112000e-02   2.9757875e-02   4.5553387e-02   2.0448957e-02   2.2113921e-02
   7.8000000e-01   2.4000000e-01  -6.3135362e-04  -1.2203350e-03   1.4117350e-02   3.1287512e-02   5.5164150e-02   2.0179093e-02   2.2121885e-02
   7.8000000e-01   2.6000000e-01  -6.5184000e-04  -1.4822575e-03   1.5335875e-02   3.2372862e-02   6.7002325e-02   2.0135383e-02   2.2122479e-02
   7.8000000e-01   2.8000000e-01  -6.6989650e-04  -1.8066687e-03   1.6814650e-02   3.3140862e-02   8.1396287e-02   2.0213611e-02   2.2195960e-02
   8.0000000e-01   4.0000000e-02  -4.1129862e-04  -1.2814612e-04   1.0054595e-02   1.9679300e-02   4.9680325e-03   2.0900064e-02   2.5794140e-02
   8.0000000e-01   6.0000000e-02  -4.1412437e-04  -1.8729237e-04   1.0176177e-02   2.0017450e-02   6.9290575e-03   2.0688168e-02   2.7029993e-02
   8.0000000e-01   8.0000000e-02  -4.1775700e-04  -2.5080925e-04   1.0331210e-02   2.1764887e-02   7.9888825e-03   1.9194080e-02   3.1394785e-02
   8.0000000e-01   1.0000000e-01  -4.2125900e-04  -3.1999237e-04   1.0583229e-02   2.2791737e-02   1.7479575e-02   1.8482970e-02   1.8306645e-02
   8.0000000e-01   1.2000000e-01  -4.2616887e-04  -3.9873962e-04   1.0961020e-02   2.1010625e-02   1.9726350e-02   2.0283493e-02   2.0213553e-02
   8.0000000e-01   1.4000000e-01  -4.3023937e-04  -4.8730950e-04   1.1390996e-02   2.1042175e-02   2.3063637e-02   2.0446526e-02   2.1128909e-02
   8.0000000e-01   1.6000000e-01  -4.3300187e-04  -5.8899200e-04   1.1897285e-02   2.1206312e-02   2.7354812e-02   2.0418537e-02   2.1531568e-02
   8.0000000e-01   1.8000000e-01  -4.3327662e-04  -7.0737187e-04   1.2497589e-02   2.1270725e-02   3.2547187e-02   2.0369622e-02   2.1733733e-02
   8.0000000e-01   2.0000000e-01  -4.2961775e-04  -8.4721475e-04   1.3211075e-02   2.1156087e-02   3.8809812e-02   2.0307051e-02   2.1829911e-02
   8.0000000e-01   2.2000000e-01  -4.1934512e-04  -1.0139264e-03   1.4057812e-02   2.0622162e-02   4.6094500e-02   2.0334682e-02   2.1996689e-02
   8.0000000e-01   2.4000000e-01  -3.9987025e-04  -1.2145634e-03   1.5065625e-02   1.9591112e-02   5.4997937e-02   2.0410799e-02   2.2083799e-02
   8.0000000e-01   2.6000000e-01  -3.6742325e-04  -1.4583312e-03   1.6270900e-02   1.7873287e-02   6.5904212e-02   2.0557116e-02   2.2128043e-02
   8.0000000e-01   2.8000000e-01  -3.1715775e-04  -1.7558875e-03   1.7715825e-02   1.5140100e-02   7.8957575e-02   2.0948194e-02   2.2238367e-02
   8.2000000e-01   4.0000000e-02  -3.5332025e-04  -1.2962962e-04   1.0779297e-02   1.7143875e-02   5.2270075e-03   2.0609124e-02   2.4799969e-02
   8.2000000e-01   6.0000000e-02  -3.5265712e-04  -1.8901400e-04   1.0909731e-02   1.7472737e-02   7.6593262e-03   2.0183278e-02   2.4677627e-02
   8.2000000e-01   8.0000000e-02  -3.5142925e-04  -2.5229187e-04   1.1094457e-02   1.8120387e-02   1.0747577e-02   1.9394135e-02   2.3474302e-02
   8.2000000e-01   1.0000000e-01  -3.4844862e-04  -3.2026762e-04   1.1354284e-02   1.8189600e-02   1.4977987e-02   1.9156475e-02   2.1382554e-02
   8.2000000e-01   1.2000000e-01  -3.4478625e-04  -3.9548437e-04   1.1696794e-02   1.7483112e-02   1.8825925e-02   1.9721102e-02   2.1007434e-02
   8.2000000e-01   1.4000000e-01  -3.3810550e-04  -4.7897887e-04   1.2112257e-02   1.6855437e-02   2.2488662e-02   2.0059135e-02   2.1298682e-02
   8.2000000e-01   1.6000000e-01  -3.2727925e-04  -5.7330487e-04   1.2604125e-02   1.6240200e-02   2.6611775e-02   2.0152415e-02   2.1543278e-02
   8.2000000e-01   1.8000000e-01  -3.1039800e-04  -6.8135100e-04   1.3183800e-02   1.5370837e-02   3.1452825e-02   2.0193955e-02   2.1662633e-02
   8.2000000e-01   2.0000000e-01  -2.8469962e-04  -8.0615187e-04   1.3866537e-02   1.3962362e-02   3.6900275e-02   2.0390505e-02   2.1846771e-02
   8.2000000e-01   2.2000000e-01  -2.4771287e-04  -9.5160612e-04   1.4666100e-02   1.1984691e-02   4.3272050e-02   2.0669108e-02   2.1991242e-02
   8.2000000e-01   2.4000000e-01  -1.9514325e-04  -1.1219047e-03   1.5604825e-02   9.2282687e-03   5.0812012e-02   2.1146247e-02   2.2079518e-02
   8.2000000e-01   2.6000000e-01  -1.2135851e-04  -1.3222525e-03   1.6707662e-02   5.3327987e-03   5.9723362e-02   2.2757002e-02   2.2139619e-02
   8.2000000e-01   2.8000000e-01  -1.7628100e-05  -1.5607075e-03   1.8003800e-02  -1.0242777e-04   7.0185500e-02  -1.7210273e-01   2.2236894e-02
   8.4000000e-01   4.0000000e-02  -2.9624637e-04  -1.2562100e-04   1.1398635e-02   1.4500462e-02   5.2960737e-03   2.0430133e-02   2.3719647e-02
   8.4000000e-01   6.0000000e-02  -2.9281750e-04  -1.8247637e-04   1.1531435e-02   1.4570737e-02   7.8357513e-03   2.0096272e-02   2.3287668e-02
   8.4000000e-01   8.0000000e-02  -2.8766837e-04  -2.4216300e-04   1.1718981e-02   1.4580450e-02   1.0731079e-02   1.9729732e-02   2.2566510e-02
   8.4000000e-01   1.0000000e-01  -2.8016312e-04  -3.0540725e-04   1.1968745e-02   1.4360787e-02   1.4000962e-02   1.9508897e-02   2.1813304e-02
   8.4000000e-01   1.2000000e-01  -2.6902962e-04  -3.7328662e-04   1.2284761e-02   1.3745837e-02   1.7388800e-02   1.9571716e-02   2.1467072e-02
   8.4000000e-01   1.4000000e-01  -2.5451287e-04  -4.4799675e-04   1.2669112e-02   1.2874900e-02   2.0885062e-02   1.9768144e-02   2.1450582e-02
   8.4000000e-01   1.6000000e-01  -2.3323812e-04  -5.3043850e-04   1.3123487e-02   1.1679269e-02   2.4580350e-02   1.9970268e-02   2.1579778e-02
   8.4000000e-01   1.8000000e-01  -2.0334012e-04  -6.2185037e-04   1.3656137e-02   1.0021791e-02   2.8743475e-02   2.0289798e-02   2.1634488e-02
   8.4000000e-01   2.0000000e-01  -1.6272712e-04  -7.2392325e-04   1.4273512e-02   7.8376112e-03   3.3096262e-02   2.0762337e-02   2.1873263e-02
   8.4000000e-01   2.2000000e-01  -1.0780187e-04  -8.3814862e-04   1.4984862e-02   4.9737250e-03   3.8142100e-02   2.1674273e-02   2.1974370e-02
   8.4000000e-01   2.4000000e-01  -3.4309587e-05  -9.6630637e-04   1.5803275e-02   1.1337220e-03   4.3805237e-02   3.0262787e-02   2.2059152e-02
   8.4000000e-01   2.6000000e-01   6.4867900e-05  -1.1099752e-03   1.6741175e-02  -3.9667112e-03   5.0129337e-02   1.6353068e-02   2.2142229e-02
   8.4000000e-01   2.8000000e-01   1.9777487e-04  -1.2708862e-03   1.7813675e-02  -1.0785066e-02   5.7223175e-02   1.8337845e-02   2.2209293e-02
   8.6000000e-01   4.0000000e-02  -2.4238412e-04  -1.1752487e-04   1.1914042e-02   1.1913466e-02   5.1144375e-03   2.0345391e-02   2.2979042e-02
   8.6000000e-01   6.0000000e-02  -2.3704237e-04  -1.6990962e-04   1.2041794e-02   1.1790009e-02   7.5021812e-03   2.0105360e-02   2.2648030e-02
   8.6000000e-01   8.0000000e-02  -2.2931575e-04  -2.2396662e-04   1.2219451e-02   1.1563491e-02   1.0069892e-02   1.9831013e-02   2.2241213e-02
   8.6000000e-01   1.0000000e-01  -2.1853637e-04  -2.8026550e-04   1.2450104e-02   1.1150865e-02   1.2801200e-02   1.9598154e-02   2.1893690e-02
   8.6000000e-01   1.2000000e-01  -2.0356575e-04  -3.3917412e-04   1.2735987e-02   1.0440675e-02   1.5668637e-02   1.9497374e-02   2.1646689e-02
   8.6000000e-01   1.4000000e-01  -1.8269662e-04  -4.0108075e-04   1.3079512e-02   9.3436300e-03   1.8622312e-02   1.9553067e-02   2.1537645e-02
   8.6000000e-01   1.6000000e-01  -1.5460812e-04  -4.6819587e-04   1.3482975e-02   7.7837225e-03   2.1817487e-02   1.9863006e-02   2.1459661e-02
   8.6000000e-01   1.8000000e-01  -1.1816520e-04  -5.4028100e-04   1.3950762e-02   5.7882525e-03   2.4919900e-02   2.0414659e-02   2.1680705e-02
   8.6000000e-01   2.0000000e-01  -6.9975762e-05  -6.1602275e-04   1.4481712e-02   3.2274050e-03   2.8218637e-02   2.1681742e-02   2.1830351e-02
   8.6000000e-01   2.2000000e-01  -7.1539962e-06  -6.9510300e-04   1.5080862e-02  -6.7114825e-05   3.1717762e-02  -1.0659338e-01   2.1915260e-02
   8.6000000e-01   2.4000000e-01   7.5290675e-05  -7.7767425e-04   1.5751125e-02  -4.2940612e-03   3.5341687e-02   1.7533675e-02   2.2004446e-02
   8.6000000e-01   2.6000000e-01   1.8244600e-04  -8.6248937e-04   1.6495062e-02  -9.7640300e-03   3.9045275e-02   1.8685522e-02   2.2089469e-02
   8.6000000e-01   2.8000000e-01   3.2077000e-04  -9.4444287e-04   1.7312225e-02  -1.6850037e-02   4.2632312e-02   1.9036753e-02   2.2153217e-02
   8.8000000e-01   4.0000000e-02  -1.9323700e-04  -1.0686855e-04   1.2331405e-02   9.5189900e-03   4.7475400e-03   2.0300158e-02   2.2510300e-02
   8.8000000e-01   6.0000000e-02  -1.8692600e-04  -1.5365137e-04   1.2449326e-02   9.2981937e-03   6.8931600e-03   2.0103474e-02   2.2290412e-02
   8.8000000e-01   8.0000000e-02  -1.7796562e-04  -2.0101512e-04   1.2611175e-02   8.9819087e-03   9.1237500e-03   1.9813787e-02   2.2032073e-02
   8.8000000e-01   1.0000000e-01  -1.6549762e-04  -2.4917525e-04   1.2817825e-02   8.4530775e-03   1.1399154e-02   1.9578387e-02   2.1859101e-02
   8.8000000e-01   1.2000000e-01  -1.4867612e-04  -2.9827325e-04   1.3070000e-02   7.6526712e-03   1.3766500e-02   1.9428004e-02   2.1666600e-02
   8.8000000e-01   1.4000000e-01  -1.2567362e-04  -3.4871450e-04   1.3369012e-02   6.4358875e-03   1.6138487e-02   1.9527008e-02   2.1607632e-02
   8.8000000e-01   1.6000000e-01  -9.5198287e-05  -3.9890062e-04   1.3716037e-02   4.8366412e-03   1.8549625e-02   1.9682727e-02   2.1504512e-02
   8.8000000e-01   1.8000000e-01  -5.6448700e-05  -4.4867087e-04   1.4109462e-02   2.7317812e-03   2.0775712e-02   2.0663697e-02   2.1595932e-02
   8.8000000e-01   2.0000000e-01  -7.1404187e-06  -4.9813225e-04   1.4546850e-02   1.4570187e-04   2.2945125e-02   4.9007048e-02   2.1709720e-02
   8.8000000e-01   2.2000000e-01   5.5258975e-05  -5.4560575e-04   1.5026437e-02  -3.1127600e-03   2.4992962e-02   1.7752405e-02   2.1830375e-02
   8.8000000e-01   2.4000000e-01   1.3492987e-04  -5.8704275e-04   1.5544662e-02  -7.1562612e-03   2.6765550e-02   1.8854800e-02   2.1932774e-02
   8.8000000e-01   2.6000000e-01   2.3456650e-04  -6.1796200e-04   1.6094237e-02  -1.2249006e-02   2.8093262e-02   1.9149839e-02   2.1996804e-02
   8.8000000e-01   2.8000000e-01   3.5804837e-04  -6.3165000e-04   1.6663712e-02  -1.8395075e-02   2.8603575e-02   1.9464361e-02   2.2082904e-02
   9.0000000e-01   4.0000000e-02  -1.4954125e-04  -9.5202062e-05   1.2659937e-02   7.3787112e-03   4.2884675e-03   2.0266581e-02   2.2199553e-02
   9.0000000e-01   6.0000000e-02  -1.4315237e-04  -1.3604475e-04   1.2765875e-02   7.1367725e-03   6.1738887e-03   2.0058419e-02   2.2035504e-02
   9.0000000e-01   8.0000000e-02  -1.3407700e-04  -1.7656237e-04   1.2909687e-02   6.7773900e-03   8.0733375e-03   1.9782984e-02   2.1869812e-02
   9.0000000e-01   1.0000000e-01  -1.2145405e-04  -2.1662887e-04   1.3090712e-02   6.2274712e-03   9.9496375e-03   1.9502948e-02   2.1772539e-02
   9.0000000e-01   1.2000000e-01  -1.0440964e-04  -2.5613225e-04   1.3308862e-02   5.3725875e-03   1.1836352e-02   1.9433771e-02   2.1639458e-02
   9.0000000e-01   1.4000000e-01  -8.1870350e-05  -2.9441837e-04   1.3564075e-02   4.1886725e-03   1.3672200e-02   1.9545656e-02   2.1534089e-02
   9.0000000e-01   1.6000000e-01  -5.3189775e-05  -3.3038037e-04   1.3854050e-02   2.6694050e-03   1.5299775e-02   1.9925704e-02   2.1593806e-02
   9.0000000e-01   1.8000000e-01  -1.7097912e-05  -3.6277412e-04   1.4175100e-02   7.7372225e-04   1.6768075e-02   2.2098256e-02   2.1634810e-02
   9.0000000e-01   2.0000000e-01   2.7911487e-05  -3.8964275e-04   1.4522962e-02  -1.5472100e-03   1.7968762e-02   1.8039883e-02   2.1684451e-02
   9.0000000e-01   2.2000000e-01   8.3381900e-05  -4.0836725e-04   1.4891162e-02  -4.3898562e-03   1.8773925e-02   1.8994221e-02   2.1751831e-02
   9.0000000e-01   2.4000000e-01   1.5141712e-04  -4.1556750e-04   1.5270562e-02  -7.8714300e-03   1.9062912e-02   1.9236292e-02   2.1799791e-02
   9.0000000e-01   2.6000000e-01   2.3304475e-04  -4.0513350e-04   1.5648650e-02  -1.1937869e-02   1.8532850e-02   1.9521470e-02   2.1860291e-02
   9.0000000e-01   2.8000000e-01   3.2992137e-04  -3.6947637e-04   1.6006650e-02  -1.6572612e-02   1.6842650e-02   1.9907626e-02   2.1936950e-02
   9.2000000e-01   4.0000000e-02  -1.1134564e-04  -8.3907150e-05   1.2909725e-02   5.5051187e-03   3.8183175e-03   2.0225838e-02   2.1974901e-02
   9.2000000e-01   6.0000000e-02  -1.0562816e-04  -1.1912935e-04   1.3003525e-02   5.2869012e-03   5.4537325e-03   1.9979220e-02   2.1843636e-02
   9.2000000e-01   8.0000000e-02  -9.7315762e-05  -1.5332625e-04   1.3129437e-02   4.9393800e-03   7.0488575e-03   1.9702020e-02   2.1751929e-02
   9.2000000e-01   1.0000000e-01  -8.5796562e-05  -1.8621650e-04   1.3286425e-02   4.4084787e-03   8.6074425e-03   1.9461716e-02   2.1634359e-02
   9.2000000e-01   1.2000000e-01  -7.0381700e-05  -2.1703000e-04   1.3473350e-02   3.6139125e-03   1.0073990e-02   1.9475209e-02   2.1543599e-02
   9.2000000e-01   1.4000000e-01  -5.0683475e-05  -2.4481750e-04   1.3688425e-02   2.5864075e-03   1.1384144e-02   1.9596090e-02   2.1505131e-02
   9.2000000e-01   1.6000000e-01  -2.6088062e-05  -2.6829887e-04   1.3927150e-02   1.3024925e-03   1.2461791e-02   2.0029338e-02   2.1529720e-02
   9.2000000e-01   1.8000000e-01   4.1788400e-06  -2.8591262e-04   1.4185050e-02  -2.6522662e-04   1.3275537e-02   1.5755733e-02   2.1536802e-02
   9.2000000e-01   2.0000000e-01   4.0929075e-05  -2.9553587e-04   1.4455675e-02  -2.1565712e-03   1.3716362e-02   1.8978772e-02   2.1546228e-02
   9.2000000e-01   2.2000000e-01   8.4983050e-05  -2.9435862e-04   1.4730375e-02  -4.4120137e-03   1.3650787e-02   1.9261737e-02   2.1563490e-02
   9.2000000e-01   2.4000000e-01   1.3671712e-04  -2.7831937e-04   1.4997025e-02  -7.0141387e-03   1.2884975e-02   1.9491648e-02   2.1600304e-02
   9.2000000e-01   2.6000000e-01   1.9522225e-04  -2.4203162e-04   1.5240750e-02  -9.8143212e-03   1.1209720e-02   1.9891569e-02   2.1591228e-02
   9.2000000e-01   2.8000000e-01   2.6134150e-04  -1.7897862e-04   1.5440487e-02  -1.2881937e-02   8.3377225e-03   2.0287437e-02   2.1466129e-02
   9.4000000e-01   4.0000000e-02  -7.8142537e-05  -7.4112562e-05   1.3090975e-02   3.8836162e-03   3.4008937e-03   2.0121076e-02   2.1792084e-02
   9.4000000e-01   6.0000000e-02  -7.3525350e-05  -1.0466269e-04   1.3173937e-02   3.7093750e-03   4.8186525e-03   1.9821493e-02   2.1720323e-02
   9.4000000e-01   8.0000000e-02  -6.6740212e-05  -1.3371650e-04   1.3284475e-02   3.4170050e-03   6.1905412e-03   1.9531787e-02   2.1600131e-02
   9.4000000e-01   1.0000000e-01  -5.7302187e-05  -1.6057487e-04   1.3421162e-02   2.9385837e-03   7.4570362e-03   1.9499933e-02   2.1533337e-02
   9.4000000e-01   1.2000000e-01  -4.5017100e-05  -1.8438775e-04   1.3582050e-02   2.3059750e-03   8.6073887e-03   1.9521938e-02   2.1422031e-02
   9.4000000e-01   1.4000000e-01  -2.9626787e-05  -2.0402112e-04   1.3763612e-02   1.5092450e-03   9.5107737e-03   1.9630204e-02   2.1451580e-02
   9.4000000e-01   1.6000000e-01  -1.0738885e-05  -2.1821000e-04   1.3961050e-02   5.3429525e-04   1.0185691e-02   2.0099159e-02   2.1423190e-02
   9.4000000e-01   1.8000000e-01   1.1991716e-05  -2.2538475e-04   1.4168837e-02  -6.3431187e-04   1.0532535e-02   1.8905079e-02   2.1398908e-02
   9.4000000e-01   2.0000000e-01   3.8820600e-05  -2.2356712e-04   1.4379562e-02  -2.0063750e-03   1.0463817e-02   1.9348626e-02   2.1365732e-02
   9.4000000e-01   2.2000000e-01   6.9780500e-05  -2.1023800e-04   1.4583850e-02  -3.5819562e-03   9.8646925e-03   1.9481115e-02   2.1312170e-02
   9.4000000e-01   2.4000000e-01   1.0398179e-04  -1.8207400e-04   1.4769550e-02  -5.2804200e-03   8.5623175e-03   1.9691954e-02   2.1264570e-02
   9.4000000e-01   2.6000000e-01   1.3980612e-04  -1.3504125e-04   1.4921825e-02  -6.9271075e-03   6.4219237e-03   2.0182468e-02   2.1028162e-02
   9.4000000e-01   2.8000000e-01   1.7676475e-04  -6.4030187e-05   1.5021575e-02  -8.6110475e-03   3.2321800e-03   2.0527671e-02   1.9810217e-02
   9.6000000e-01   4.0000000e-02  -4.8934025e-05  -6.6642025e-05   1.3212012e-02   2.4600762e-03   3.0797187e-03   1.9891264e-02   2.1638997e-02
   9.6000000e-01   6.0000000e-02  -4.5711300e-05  -9.3754662e-05   1.3286650e-02   2.3379637e-03   4.3527225e-03   1.9551757e-02   2.1539315e-02
   9.6000000e-01   8.0000000e-02  -4.0911887e-05  -1.1899084e-04   1.3385712e-02   2.0902175e-03   5.5348462e-03   1.9573029e-02   2.1498490e-02
   9.6000000e-01   1.0000000e-01  -3.4414162e-05  -1.4151000e-04   1.3507250e-02   1.7517450e-03   6.5972425e-03   1.9645646e-02   2.1449871e-02
   9.6000000e-01   1.2000000e-01  -2.6102900e-05  -1.6032900e-04   1.3648862e-02   1.3225775e-03   7.5191600e-03   1.9736386e-02   2.1322728e-02
   9.6000000e-01   1.4000000e-01  -1.5819887e-05  -1.7438950e-04   1.3806075e-02   8.0163162e-04   8.1726750e-03   1.9734610e-02   2.1338118e-02
   9.6000000e-01   1.6000000e-01  -3.3938162e-06  -1.8250950e-04   1.3974000e-02   1.6754537e-04   8.5704987e-03   2.0256102e-02   2.1295085e-02
   9.6000000e-01   1.8000000e-01   1.1243537e-05  -1.8331587e-04   1.4146625e-02  -5.7968500e-04   8.6307350e-03   1.9395943e-02   2.1239892e-02
   9.6000000e-01   2.0000000e-01   2.7993725e-05  -1.7523850e-04   1.4316500e-02  -1.4297587e-03   8.2835150e-03   1.9579335e-02   2.1155089e-02
   9.6000000e-01   2.2000000e-01   4.6430562e-05  -1.5648500e-04   1.4474687e-02  -2.3563375e-03   7.4478962e-03   1.9704547e-02   2.1010631e-02
   9.6000000e-01   2.4000000e-01   6.5264000e-05  -1.2511775e-04   1.4610487e-02  -3.2875725e-03   6.0234912e-03   1.9851730e-02   2.0771633e-02
   9.6000000e-01   2.6000000e-01   8.2203450e-05  -7.9175187e-05   1.4711587e-02  -4.0182862e-03   3.9259175e-03   2.0457340e-02   2.0167308e-02
   9.6000000e-01   2.8000000e-01   9.4908362e-05  -1.5778625e-05   1.4763787e-02  -4.5284512e-03   1.0934951e-03   2.0958239e-02   1.4429534e-02
